miRNA JW1Post JW1Pre JW2Post JW2Pre JW3Post JW3Pre JW4Post JW4Pre JW5Post JW5Pre JW6Post JW6Pre JW7Post JW7Pre
hsa-let-7a-1 0 0 0 2 2 3 4 2 3 1 0 1 1 0
hsa-let-7a-2 0 0 0 2 2 3 3 0 5 7 0 1 0 0
hsa-let-7a-3 0 0 0 2 1 3 4 0 1 7 0 1 1 0
hsa-let-7a-3p 139 15 64 96 107 108 277 55 218 59 52 112 103 80
hsa-let-7a-5p 34802 12123 21877 22332 33131 22617 51535 42453 58200 22497 8883 59169 33957 26466
hsa-let-7b-3p 35 10 5 72 35 38 54 88 34 8 12 11 48 45
hsa-let-7b-5p 91319 26878 42781 96625 197773 195149 367991 258704 276630 58222 37387 108231 125497 146697
hsa-let-7b 0 0 0 1 0 0 0 0 1 0 0 0 2 0
hsa-let-7c-3p 0 0 0 0 0 0 0 0 11 1 0 0 0 0
hsa-let-7c-5p 6088 1666 3051 3553 7463 5233 12473 8813 12688 4922 1108 13153 5695 4995
hsa-let-7c 2 0 1 5 6 1 5 20 23 2 0 3 8 14
hsa-let-7d-3p 3265 667 2215 3760 4242 3037 7569 5732 9579 1940 1425 4128 5425 3523
hsa-let-7d-5p 2906 909 2158 1866 2378 1181 3787 3650 6008 1814 854 4995 1964 1839
hsa-let-7e-3p 1 0 4 7 0 1 0 16 0 0 0 3 0 2
hsa-let-7e-5p 1293 598 781 596 1427 768 1266 1367 2062 883 260 1697 1936 1088
hsa-let-7f-1-3p 60 2 13 2 26 1 17 17 38 11 7 19 40 0
hsa-let-7f-2-3p 1 0 0 14 0 0 5 0 23 1 1 2 0 0
hsa-let-7f-5p 46543 18804 31818 21533 35999 17948 43564 31585 49609 18714 11903 71723 21408 16479
hsa-let-7g-3p 0 0 0 0 0 0 0 5 0 0 0 0 0 0
hsa-let-7g-5p 9171 2972 5476 9703 12628 10226 20235 16421 25160 7990 3314 15752 8240 9076
hsa-let-7g 0 0 0 0 1 2 0 17 0 0 0 9 0 0
hsa-let-7i-3p 0 0 0 20 5 0 0 0 0 0 0 0 0 0
hsa-let-7i-5p 83030 28665 56169 52862 89040 58638 114332 80026 118703 32960 31508 122921 41435 48026
hsa-let-7i 0 0 0 0 0 0 0 0 0 0 0 0 0 0
hsa-miR-1-3p 410 104 321 448 1076 366 198 386 763 540 18 355 173 267
hsa-miR-100-5p 639 62 540 645 413 640 1164 777 625 722 79 677 839 892
hsa-miR-101-3p 1606 262 667 1730 2856 2583 5001 5023 6157 1412 461 2254 3002 2976
hsa-miR-103a-2-5p 0 0 0 0 0 0 0 0 0 0 0 1 0 0
hsa-miR-103a-3p 1026 274 580 567 626 804 1229 1106 1527 550 396 1384 734 721
hsa-miR-105-5p 0 0 0 0 0 0 1 1 0 0 1 0 0 0
hsa-miR-106a-5p 16 0 5 8 21 28 23 10 32 7 10 10 0 32
hsa-miR-106b-3p 777 188 531 576 918 537 1524 1137 1439 594 272 1172 636 605
hsa-miR-106b-5p 84 2 10 60 41 57 71 88 98 27 19 34 39 50
hsa-miR-107 171 33 111 166 235 342 612 464 678 161 52 187 384 296
hsa-miR-10a-3p 0 0 1 2 1 16 16 1 0 1 2 3 0 22
hsa-miR-10a-5p 6320 1872 4116 7280 7252 7866 11173 9702 10007 4061 1377 5116 13677 6723
hsa-miR-10b-3p 0 0 4 1 9 5 13 19 27 1 4 1 3 11
hsa-miR-10b-5p 8130 3883 4140 14512 14434 17290 20365 16555 12848 5994 2185 7270 31942 12566
hsa-miR-1178-3p 0 0 0 0 0 0 0 0 0 0 0 0 0 0
hsa-miR-1180-3p 346 54 119 313 807 689 970 912 1063 179 206 376 699 845
hsa-miR-1185-1-3p 0 0 0 0 0 0 14 1 19 0 0 0 0 0
hsa-miR-1185-2-3p 0 0 0 0 0 1 0 0 0 0 0 0 0 0
hsa-miR-1193 0 0 0 0 0 0 0 0 11 0 0 0 0 0
hsa-miR-122-3p 0 0 0 0 0 1 0 0 0 0 0 0 0 0
hsa-miR-122-5p 120926 60650 70390 444381 308668 228040 462169 357486 537425 260663 18122 115704 1048223 795666
hsa-miR-1224-3p 0 0 0 0 0 0 0 0 0 0 0 0 0 0
hsa-miR-1224-5p 7 0 10 123 51 27 60 67 124 21 8 42 143 74
hsa-miR-1226-3p 11 6 14 7 11 0 0 1 29 5 2 0 0 0
hsa-miR-1227-3p 5 0 6 0 8 9 11 0 9 6 5 10 0 0
hsa-miR-1228-3p 0 0 0 0 19 0 15 0 25 2 0 0 4 18
hsa-miR-1228-5p 59 41 75 62 283 269 268 142 145 91 12 38 515 531
hsa-miR-1229-3p 9 1 3 21 26 0 12 17 60 0 10 16 24 0
hsa-miR-1233-3p 0 0 0 0 0 0 2 0 0 0 0 0 0 0
hsa-miR-1234-3p 0 0 0 0 0 0 0 0 0 0 1 0 0 0
hsa-miR-1236-3p 0 0 1 0 0 0 0 0 0 0 0 0 0 0
hsa-miR-1236-5p 0 0 0 0 4 0 0 0 12 0 0 0 0 0
hsa-miR-1237-3p 0 0 7 11 0 8 10 0 17 0 4 0 0 6
hsa-miR-1238-3p 0 1 4 15 12 4 23 9 24 0 11 9 1 11
hsa-miR-1246 155 28 59 99 144 117 187 144 129 50 36 76 314 272
hsa-miR-1247-3p 0 0 0 0 0 2 0 0 0 0 0 0 0 0
hsa-miR-1247-5p 0 0 0 0 0 0 0 1 3 0 0 1 0 0
hsa-miR-1248 0 0 0 0 0 0 0 1 0 0 5 0 0 0
hsa-miR-1249-3p 1 0 6 2 0 0 5 0 19 10 9 18 14 0
hsa-miR-1250-5p 8 0 0 0 0 0 0 0 4 9 1 12 0 0
hsa-miR-1251-5p 0 0 0 0 0 0 0 0 0 0 0 0 0 0
hsa-miR-1252-5p 1 0 0 0 1 0 0 0 0 0 0 0 0 0
hsa-miR-1254 8 0 0 0 0 0 0 0 10 0 2 0 0 0
hsa-miR-1255a 16 11 11 0 0 0 22 6 6 7 2 19 44 2
hsa-miR-1255b-5p 0 5 31 29 32 0 49 60 75 11 20 29 89 23
hsa-miR-1257 0 0 0 0 0 0 0 0 0 0 0 0 0 0
hsa-miR-1258 0 0 0 0 0 0 0 0 0 0 0 0 0 0
hsa-miR-125a-3p 6 4 18 33 43 5 32 24 63 2 5 18 40 31
hsa-miR-125a-5p 1561 515 933 2551 1920 2298 2587 2904 3266 805 385 1568 4714 1848
hsa-miR-125b-1-3p 6 0 5 18 0 10 1 9 44 9 2 6 103 3
hsa-miR-125b-2-3p 1 0 1 16 0 1 0 7 7 2 4 8 2 0
hsa-miR-125b-5p 163 37 78 291 172 190 192 215 352 166 34 165 257 336
hsa-miR-126-3p 53198 10519 19695 21519 32863 28337 40318 36977 45987 19060 8433 63774 37572 29781
hsa-miR-126-5p 160 40 94 106 158 76 215 141 151 103 41 252 79 80
hsa-miR-1260b 1 0 0 2 26 1 1 0 17 1 2 0 1 0
hsa-miR-1262 0 0 1 0 0 0 0 1 0 0 0 0 0 0
hsa-miR-1269a 0 0 0 0 0 2 0 0 0 0 0 1 0 0
hsa-miR-1269b 2 0 1 0 0 3 0 2 0 5 1 1 1 5
hsa-miR-127-3p 2635 578 3637 2718 940 364 3524 1971 2258 392 1039 2053 525 616
hsa-miR-127-5p 0 0 0 0 0 3 0 1 0 1 0 1 0 0
hsa-miR-1270 1 3 3 0 0 0 0 0 0 0 0 0 0 1
hsa-miR-1271-5p 18 0 0 0 10 1 2 10 11 2 1 2 0 1
hsa-miR-1273c 0 0 4 0 0 0 0 4 0 0 0 0 0 1
hsa-miR-1273d 0 0 7 0 0 0 0 0 0 0 0 0 0 0
hsa-miR-1273h-3p 119 38 121 113 189 60 63 50 403 45 93 299 138 45
hsa-miR-1273h-5p 1 0 17 7 0 0 0 0 21 9 5 19 19 16
hsa-miR-1275 0 0 4 0 0 0 0 0 10 0 3 0 0 0
hsa-miR-1276 0 0 0 0 0 0 0 0 0 0 0 0 0 0
hsa-miR-1277-3p 0 0 0 0 0 0 0 0 0 0 0 6 0 0
hsa-miR-1277-5p 0 0 4 0 0 0 0 0 0 0 0 8 0 0
hsa-miR-1278 5 6 3 9 0 3 0 26 0 0 5 1 0 0
hsa-miR-128-1-5p 5 0 1 0 0 0 0 1 0 1 0 0 0 0
hsa-miR-128-2-5p 0 0 0 5 0 0 0 0 0 0 0 0 0 0
hsa-miR-128-3p 14806 3497 10601 10475 12049 4599 17650 10694 27268 5053 6775 23049 6926 5769
hsa-miR-1283 0 0 0 0 0 2 0 4 0 8 0 2 0 0
hsa-miR-1284 0 0 1 7 17 13 0 0 12 0 0 7 0 22
hsa-miR-1285-3p 0 0 0 0 2 0 5 7 13 1 0 1 4 2
hsa-miR-1285-5p 0 0 0 0 0 0 0 0 1 0 0 2 0 0
hsa-miR-1287-5p 21 0 0 4 8 1 16 15 3 0 0 13 0 0
hsa-miR-1288-3p 0 0 0 8 0 0 0 0 6 2 1 0 0 0
hsa-miR-1289 0 0 0 0 0 0 0 0 9 0 0 0 0 0
hsa-miR-129-2-3p 0 0 0 0 0 0 0 1 0 0 0 0 0 0
hsa-miR-129-5p 19 0 19 38 10 18 20 14 77 3 3 24 15 20
hsa-miR-1290 0 0 0 0 0 0 0 0 0 0 0 0 1 1
hsa-miR-1291 8 0 0 2 5 1 9 0 1 0 0 8 0 0
hsa-miR-1292-5p 54 14 25 51 38 54 76 78 76 26 8 38 42 35
hsa-miR-1293 0 0 1 0 0 0 0 0 0 0 0 0 0 0
hsa-miR-1294 14 2 12 12 76 19 85 28 51 10 7 37 1 89
hsa-miR-1295a 0 2 0 0 0 0 0 0 0 0 0 0 0 0
hsa-miR-1295b-3p 0 0 0 0 0 0 0 0 0 0 0 0 0 0
hsa-miR-1296-5p 1 0 0 0 0 1 0 1 0 1 0 0 0 1
hsa-miR-1298-5p 0 0 0 0 0 11 0 1 9 15 0 0 0 0
hsa-miR-1299 48 5 9 7 44 42 47 77 78 25 0 1 24 35
hsa-miR-1301-3p 486 236 388 271 301 72 225 164 709 60 323 584 142 211
hsa-miR-1303 2 2 0 11 0 3 0 14 0 0 1 2 65 1
hsa-miR-1304-5p 27 3 3 26 22 25 30 26 14 8 4 47 0 15
hsa-miR-1306-3p 36 4 21 16 33 1 127 66 79 45 7 104 0 23
hsa-miR-1306-5p 0 0 4 0 3 10 6 0 16 0 0 6 0 18
hsa-miR-1307-3p 6673 1148 3495 2874 2567 1082 4166 3717 6932 1438 1867 7966 2271 1770
hsa-miR-1307-5p 0 0 0 9 0 4 1 4 16 0 0 0 8 0
hsa-miR-130a-3p 8 14 7 10 10 12 17 6 8 10 7 45 13 2
hsa-miR-130b-3p 13 0 3 5 6 12 0 11 18 9 3 38 0 13
hsa-miR-130b-5p 359 69 238 256 236 62 358 228 474 101 61 347 56 143
hsa-miR-132-3p 30 0 15 0 29 0 30 18 45 14 2 26 3 3
hsa-miR-132-5p 51 14 7 2 36 28 65 42 81 44 4 35 7 36
hsa-miR-1323 0 0 0 0 0 39 0 29 0 41 0 26 15 13
hsa-miR-133a-3p 13 0 1 0 0 0 2 0 12 0 0 0 5 1
hsa-miR-133b 4 0 0 0 0 0 0 0 12 0 0 0 5 1
hsa-miR-134-5p 212 49 398 196 125 60 424 407 453 67 54 184 85 121
hsa-miR-1343-3p 0 1 8 24 27 3 4 17 3 1 4 20 19 0
hsa-miR-1343-5p 0 0 0 0 0 0 0 0 5 0 0 0 0 0
hsa-miR-135a-3p 4 0 10 6 0 0 0 0 24 0 2 2 0 0
hsa-miR-135a-5p 0 0 0 0 0 0 0 0 1 0 0 0 0 0
hsa-miR-135b-3p 1 0 0 0 0 1 0 2 0 1 0 0 0 1
hsa-miR-135b-5p 3 0 2 0 0 2 1 1 0 2 2 4 0 1
hsa-miR-136-3p 1 0 9 0 5 5 25 6 0 0 0 3 24 0
hsa-miR-136-5p 13 0 14 2 9 1 0 6 23 0 0 0 0 0
hsa-miR-139-3p 586 142 256 444 281 253 827 571 1014 148 312 573 559 334
hsa-miR-139-5p 1855 557 625 837 1385 964 1811 1393 1668 588 643 2092 2290 1400
hsa-miR-140-3p 1285 274 919 1310 1134 734 1426 1414 2659 455 691 1418 1243 881
hsa-miR-140-5p 30 18 9 21 16 28 72 12 80 33 25 88 99 15
hsa-miR-141-3p 0 0 3 17 0 2 9 1 3 2 0 6 1 1
hsa-miR-141-5p 1 0 0 0 0 0 0 0 0 0 0 0 0 0
hsa-miR-142-3p 228 42 57 39 89 73 69 75 108 94 28 297 74 35
hsa-miR-142-5p 121 20 103 193 184 226 174 207 326 149 46 278 88 92
hsa-miR-143-3p 3351 549 3434 3763 2770 1973 4152 3711 4566 1667 746 4762 1799 1701
hsa-miR-143-5p 0 9 0 0 0 3 0 12 0 0 0 4 0 17
hsa-miR-144-3p 13 3 6 29 75 56 41 123 87 29 9 18 78 12
hsa-miR-144-5p 48 10 30 29 66 26 27 39 71 64 14 43 56 98
hsa-miR-145-3p 45 24 40 157 35 63 32 34 31 14 26 91 135 99
hsa-miR-145-5p 7 1 11 2 5 9 2 4 10 2 10 20 3 1
hsa-miR-1468-5p 33 0 14 31 60 26 4 13 40 15 7 21 44 5
hsa-miR-1469 0 0 0 1 0 0 0 0 0 3 0 0 0 0
hsa-miR-146a-3p 0 9 0 5 3 0 0 3 0 0 10 14 20 0
hsa-miR-146a-5p 2790 672 1937 2243 1909 706 2663 2227 3656 807 918 3016 1056 1025
hsa-miR-146b-3p 4 4 8 19 44 0 0 16 35 18 7 29 4 7
hsa-miR-146b-5p 2719 846 2366 3556 1763 1207 2429 2127 3584 1063 1235 3223 2268 1545
hsa-miR-147b 0 1 0 2 3 0 0 9 20 1 0 0 0 0
hsa-miR-148a-3p 96404 20436 63307 126033 104195 52262 106283 88091 236070 58101 40528 109195 159292 96411
hsa-miR-148a-5p 50 8 7 21 2 12 29 3 96 10 11 9 1 4
hsa-miR-148b-3p 1396 403 843 493 964 724 1259 1216 1473 534 370 1667 661 621
hsa-miR-148b-5p 7 0 0 10 9 32 37 16 5 4 3 9 7 8
hsa-miR-149-5p 4 0 0 5 1 5 1 4 11 4 0 1 1 1
hsa-miR-150-3p 108 4 82 361 206 72 168 261 370 93 71 284 353 268
hsa-miR-150-5p 96 27 87 373 127 94 205 239 304 105 19 428 215 154
hsa-miR-151a-3p 72779 9040 36223 32666 39990 17731 63100 47499 96259 18934 19989 102841 21491 19865
hsa-miR-151a-5p 0 0 0 0 5 0 0 0 0 0 0 9 0 0
hsa-miR-152-3p 200 69 126 121 115 129 186 226 257 106 62 322 148 77
hsa-miR-152-5p 0 0 0 0 0 2 1 2 0 0 0 12 0 0
hsa-miR-153-3p 0 0 0 0 0 0 0 0 0 0 0 0 0 0
hsa-miR-1538 0 0 0 0 0 0 0 0 12 0 0 0 0 0
hsa-miR-154-5p 0 0 0 0 0 0 0 1 0 0 0 0 0 0
hsa-miR-155-5p 287 188 169 302 231 245 229 262 372 120 293 390 520 235
hsa-miR-15a-5p 28 10 2 16 28 77 29 23 36 6 0 8 1 34
hsa-miR-15b-3p 13 0 7 34 36 9 10 86 51 35 12 58 36 8
hsa-miR-15b-5p 52 11 27 46 104 75 149 131 103 35 14 48 54 53
hsa-miR-16-1-3p 0 0 0 0 0 0 0 0 0 0 1 0 0 0
hsa-miR-16-2-3p 1114 191 457 1241 2163 1403 3238 2569 3864 731 563 1343 2733 1813
hsa-miR-16-5p 483 57 173 525 748 703 1010 1038 1210 367 144 559 640 965
hsa-miR-17-3p 0 0 0 3 0 0 0 0 0 0 0 1 1 0
hsa-miR-17-5p 175 24 72 109 138 92 174 272 269 90 60 191 182 95
hsa-miR-181a-2-3p 134 16 83 118 74 15 101 187 169 79 15 179 9 67
hsa-miR-181a-3p 0 1 3 8 0 8 0 10 29 12 7 21 3 25
hsa-miR-181a-5p 841 163 558 980 818 915 1292 1400 1586 470 228 1315 890 998
hsa-miR-181b-2-3p 0 0 0 0 0 0 0 0 17 0 0 0 0 0
hsa-miR-181b-3p 0 0 1 0 1 1 0 0 0 0 0 1 2 0
hsa-miR-181b-5p 163 39 74 139 156 121 200 205 303 69 42 305 262 112
hsa-miR-181c-3p 1 2 0 0 13 0 17 1 0 0 0 1 0 0
hsa-miR-181c-5p 0 0 0 0 0 0 0 0 3 0 0 0 0 0
hsa-miR-181d-3p 0 0 0 7 0 0 0 0 0 0 0 0 0 0
hsa-miR-181d-5p 46 7 20 19 11 0 92 38 77 19 27 116 16 2
hsa-miR-182-3p 0 0 1 0 0 0 0 0 0 0 0 0 0 0
hsa-miR-182-5p 556 106 362 282 384 496 663 824 592 267 167 524 427 688
hsa-miR-1827 3 0 9 3 6 6 3 1 9 1 1 12 0 4
hsa-miR-183-3p 1 0 0 0 0 1 0 0 0 0 0 0 0 0
hsa-miR-183-5p 455 66 355 406 625 727 936 1028 782 352 235 531 551 813
hsa-miR-184 22 0 4 16 43 67 7 45 31 24 23 34 32 42
hsa-miR-185-3p 25 8 17 27 0 3 23 27 100 12 23 56 21 15
hsa-miR-185-5p 1152 255 705 1917 1788 1617 5432 5411 10245 1864 648 2098 2720 2359
hsa-miR-186-5p 671 73 207 661 862 829 1366 1577 1661 492 305 562 872 610
hsa-miR-187-3p 0 0 1 0 0 0 0 0 0 0 0 0 0 7
hsa-miR-187-5p 0 0 0 0 0 0 0 11 0 0 0 0 0 0
hsa-miR-18a-3p 42 11 11 10 51 27 15 43 50 5 21 37 45 4
hsa-miR-18a-5p 1 1 1 3 1 1 8 23 14 5 0 15 0 6
hsa-miR-18b-3p 0 0 0 0 0 0 0 0 0 0 0 0 0 0
hsa-miR-18b-5p 0 0 0 0 0 0 8 0 0 0 0 3 0 0
hsa-miR-1908-3p 0 0 0 0 0 0 0 0 0 0 0 0 0 0
hsa-miR-1908-5p 606 95 261 126 331 136 173 352 765 160 234 927 181 310
hsa-miR-1909-5p 0 0 10 0 0 0 0 0 0 0 0 0 0 0
hsa-miR-190b 0 0 0 0 0 0 0 0 0 1 0 0 0 10
hsa-miR-191-3p 34 12 10 16 49 6 45 33 57 20 14 39 96 21
hsa-miR-191-5p 3093 745 1893 2201 2108 1384 2382 2773 3921 1111 1257 4632 1460 1063
hsa-miR-1910-3p 0 0 0 0 0 0 0 0 0 7 0 0 0 0
hsa-miR-1910-5p 0 2 0 5 0 0 13 0 0 0 0 0 29 0
hsa-miR-1914-5p 10 2 3 0 0 21 13 11 34 0 6 19 0 0
hsa-miR-192-5p 822 348 620 4210 3410 2374 3857 3271 5112 1841 693 1869 5802 3532
hsa-miR-193a-3p 0 0 0 0 0 0 0 0 0 0 0 0 1 0
hsa-miR-193a-5p 159 48 107 246 223 143 273 458 546 253 42 187 775 657
hsa-miR-193b-3p 0 0 0 0 0 0 0 0 9 1 0 0 0 0
hsa-miR-193b-5p 48 31 65 107 127 142 161 126 270 156 8 54 914 442
hsa-miR-194-3p 0 0 0 0 0 0 0 0 0 0 0 0 0 0
hsa-miR-194-5p 172 29 79 306 423 310 388 449 576 218 36 181 629 380
hsa-miR-195-3p 13 17 10 31 9 29 0 47 29 16 16 23 77 29
hsa-miR-195-5p 17 0 1 7 0 2 0 3 15 0 0 10 0 0
hsa-miR-196a-3p 0 0 0 0 0 0 0 0 0 0 0 0 0 0
hsa-miR-196a-5p 22 1 0 4 1 14 1 2 1 1 3 6 1 6
hsa-miR-196b-5p 79 21 29 20 24 23 34 14 77 20 13 61 4 5
hsa-miR-197-3p 80 18 65 190 47 36 98 188 245 39 50 158 131 22
hsa-miR-197-5p 0 0 3 0 17 0 0 10 0 5 2 8 14 0
hsa-miR-1976 5 1 1 19 0 0 16 18 32 15 5 16 27 18
hsa-miR-199a-5p 443 144 315 314 255 49 259 278 512 131 184 549 128 89
hsa-miR-199b-3p 793 183 320 365 500 168 428 258 806 270 168 950 260 225
hsa-miR-199b-5p 45 0 13 20 1 55 1 33 20 31 14 28 29 2
hsa-miR-19a-3p 68 20 21 112 117 84 150 122 126 27 29 64 190 109
hsa-miR-19b-3p 21 16 9 54 72 90 69 85 43 9 45 64 86 45
hsa-miR-200a-3p 56 0 9 96 62 74 66 61 71 53 23 50 33 24
hsa-miR-200a-5p 13 0 10 27 0 12 18 11 13 8 2 14 5 6
hsa-miR-200b-3p 143 6 97 49 90 200 160 143 60 165 32 148 30 116
hsa-miR-200b-5p 0 1 1 10 0 0 0 1 10 14 0 1 1 0
hsa-miR-200c-3p 53 1 57 52 44 115 90 200 47 160 19 102 15 46
hsa-miR-202-3p 1 0 2 4 4 2 10 22 6 7 0 4 0 10
hsa-miR-202-5p 0 0 0 9 6 0 0 0 4 0 0 0 0 0
hsa-miR-203a-3p 19 0 10 0 0 18 13 11 22 16 2 14 18 28
hsa-miR-203b-3p 0 0 0 0 0 0 0 0 0 0 0 0 0 0
hsa-miR-204-3p 36 7 19 67 81 48 23 139 49 14 18 42 108 30
hsa-miR-204-5p 12 8 16 45 79 49 32 29 65 1 5 14 58 49
hsa-miR-205-3p 0 0 0 0 0 0 0 0 0 0 0 0 0 0
hsa-miR-205-5p 5 0 0 2 5 44 2 29 0 30 1 25 0 0
hsa-miR-206 238 23 41 173 167 185 329 521 486 179 13 132 457 299
hsa-miR-208b-3p 0 0 0 0 0 0 0 0 10 0 0 0 0 0
hsa-miR-20a-3p 0 0 0 0 1 0 0 0 0 0 0 1 0 0
hsa-miR-20a-5p 211 80 93 126 284 175 248 282 408 117 81 242 231 214
hsa-miR-20b-3p 0 0 0 0 0 0 0 0 0 0 0 4 0 0
hsa-miR-20b-5p 34 0 4 20 31 25 33 14 14 6 3 18 1 41
hsa-miR-21-3p 1 0 0 0 0 1 1 2 5 2 1 13 0 3
hsa-miR-21-5p 28468 6683 14776 10609 15537 10765 16278 14488 25901 10565 8724 34508 11027 10591
hsa-miR-210-3p 69 5 27 10 86 6 23 25 10 16 35 31 60 20
hsa-miR-210-5p 0 0 0 0 0 0 0 0 0 0 1 0 0 0
hsa-miR-2110 207 87 379 400 314 261 623 582 919 162 189 410 406 430
hsa-miR-2113 0 0 0 0 0 0 0 0 0 0 0 1 0 0
hsa-miR-2115-3p 0 0 0 0 0 0 0 7 0 0 0 6 0 0
hsa-miR-2115-5p 0 0 0 3 0 2 0 0 0 5 2 2 0 0
hsa-miR-2116-3p 0 0 0 0 0 0 1 0 0 0 0 0 8 0
hsa-miR-212-3p 1 0 0 0 0 0 1 0 0 0 0 1 0 0
hsa-miR-212-5p 1 0 4 0 0 0 5 1 0 0 4 0 48 3
hsa-miR-214-3p 2 0 0 14 0 19 0 10 6 9 2 1 11 2
hsa-miR-214-5p 16 0 11 10 7 0 1 8 0 6 1 0 0 18
hsa-miR-215-5p 61 6 20 258 191 75 108 155 202 48 29 80 114 41
hsa-miR-216b-5p 0 0 0 0 2 0 0 0 7 7 0 1 21 10
hsa-miR-217 0 0 0 0 0 0 0 0 0 1 0 0 0 0
hsa-miR-218-5p 11 22 14 40 30 35 103 20 71 22 10 36 52 18
hsa-miR-219a-1-3p 1 0 10 9 0 10 11 23 2 1 2 6 13 3
hsa-miR-219a-2-3p 0 0 0 0 8 0 0 0 0 0 0 0 0 0
hsa-miR-219b-5p 0 0 0 0 0 0 0 0 0 0 0 0 0 0
hsa-miR-22-3p 1176 268 754 1573 1993 1775 5621 4380 5530 1117 559 1820 3423 2431
hsa-miR-22-5p 357 51 171 238 416 167 534 553 862 225 139 456 723 449
hsa-miR-221-3p 1981 535 977 666 1098 462 820 732 1750 417 600 1758 569 680
hsa-miR-221-5p 69 7 24 8 43 18 59 36 36 33 79 83 22 23
hsa-miR-222-3p 5776 2017 5505 3072 3355 1021 3099 2736 6487 1001 4449 7145 2704 1669
hsa-miR-222-5p 0 0 2 0 0 1 2 0 0 1 0 0 1 0
hsa-miR-223-3p 264 53 122 131 122 55 99 110 203 66 70 264 60 68
hsa-miR-223-5p 3230 869 1738 3360 2336 1119 2847 2436 5336 1153 1568 3468 1928 2048
hsa-miR-224-5p 979 213 494 360 501 238 471 258 1317 256 141 595 450 530
hsa-miR-2276-3p 0 0 0 0 0 0 1 3 7 2 2 0 0 0
hsa-miR-2276-5p 0 0 0 0 0 0 0 0 0 0 0 9 0 0
hsa-miR-2277-5p 2 2 0 9 0 4 0 0 0 0 0 0 0 0
hsa-miR-2278 0 0 5 0 0 0 0 0 0 0 0 0 0 0
hsa-miR-2355-3p 6 0 7 16 9 24 6 0 0 0 4 8 0 18
hsa-miR-23a-3p 120 32 95 111 79 140 65 108 155 119 61 223 77 148
hsa-miR-23a-5p 20 0 10 53 43 0 23 19 38 3 3 28 12 16
hsa-miR-23b-3p 125 37 52 9 67 54 71 131 67 45 67 155 11 28
hsa-miR-23b-5p 29 6 4 38 0 20 57 18 0 16 1 19 39 27
hsa-miR-23c 0 0 0 0 1 0 0 0 0 0 0 0 0 0
hsa-miR-24-1-5p 19 0 3 0 3 0 6 7 12 4 1 4 0 3
hsa-miR-24-2-5p 28 6 30 31 31 32 59 46 77 21 11 52 33 28
hsa-miR-24-3p 6167 920 3262 4362 4316 2382 6034 5035 11745 2404 1754 9852 3481 2944
hsa-miR-25-3p 6720 1157 2671 5724 11590 10250 18442 17749 21319 4879 2344 8854 10856 10551
hsa-miR-25-5p 24 1 27 31 65 44 69 70 84 41 11 48 28 68
hsa-miR-2682-5p 0 0 0 0 0 0 0 0 0 0 0 1 0 0
hsa-miR-26a-1-3p 0 0 0 0 13 0 0 0 4 0 2 0 0 0
hsa-miR-26a-2-3p 0 0 0 0 0 0 1 1 0 0 1 11 0 0
hsa-miR-26a-5p 42906 13211 29894 25552 30386 15083 28554 21066 40165 13951 12614 62515 15207 11866
hsa-miR-26b-3p 9 0 6 11 0 0 0 17 18 0 6 4 96 17
hsa-miR-26b-5p 1018 321 794 1217 1732 1031 2066 2174 1952 766 381 1605 766 908
hsa-miR-27a-3p 2505 367 941 1963 2401 2075 3021 3708 5005 1576 488 3204 3268 2977
hsa-miR-27a-5p 40 6 9 9 0 24 38 25 8 21 11 41 38 26
hsa-miR-27b-3p 2198 375 960 1536 2138 1756 3173 2740 4305 2220 545 3167 4098 2889
hsa-miR-27b-5p 10 2 12 0 0 3 26 3 6 6 11 29 7 5
hsa-miR-28-3p 878 175 536 802 661 366 578 662 1618 345 368 1123 362 394
hsa-miR-28-5p 43 6 22 10 41 5 46 48 55 4 19 134 1 38
hsa-miR-296-3p 3 0 1 4 0 6 4 11 0 1 0 7 1 3
hsa-miR-299-3p 1 0 0 0 0 0 0 0 0 0 0 0 0 2
hsa-miR-29a-3p 178 45 88 203 71 166 244 124 280 63 53 178 118 154
hsa-miR-29a-5p 0 2 0 0 0 0 0 0 0 2 0 0 0 0
hsa-miR-29b-1-5p 0 0 0 0 0 0 0 0 0 0 0 0 0 11
hsa-miR-29b-2-5p 0 0 0 0 0 0 0 0 0 0 0 1 0 0
hsa-miR-29b-3p 0 0 0 3 15 1 0 0 8 0 1 25 10 25
hsa-miR-29c-3p 0 0 0 0 0 0 0 23 2 0 3 0 0 0
hsa-miR-29c-5p 0 0 0 6 1 0 0 1 7 5 1 5 1 0
hsa-miR-301a-3p 0 0 0 0 0 1 0 0 14 0 5 7 0 0
hsa-miR-301a-5p 2 0 13 0 0 1 0 0 1 6 0 13 6 0
hsa-miR-301b-3p 0 0 0 0 1 0 0 0 0 0 0 0 0 14
hsa-miR-302a-3p 0 0 2 0 0 0 1 0 0 0 0 0 0 0
hsa-miR-302a-5p 1 0 1 0 0 0 1 0 3 0 0 0 0 1
hsa-miR-302b-3p 9 0 9 0 1 0 25 0 1 0 0 0 0 10
hsa-miR-302c-3p 0 0 0 0 0 0 0 0 0 0 0 0 0 1
hsa-miR-3064-5p 3 17 18 0 0 8 33 27 8 15 3 44 32 0
hsa-miR-3074-3p 0 0 0 0 0 0 0 0 0 1 0 0 0 0
hsa-miR-3074-5p 0 0 1 0 25 0 0 0 0 0 3 8 0 0
hsa-miR-30a-3p 201 89 71 154 310 196 183 227 186 150 39 221 245 167
hsa-miR-30a-5p 471 131 234 494 680 1065 819 1368 596 769 110 982 720 716
hsa-miR-30b-3p 0 3 13 0 3 0 35 1 15 0 4 16 0 14
hsa-miR-30b-5p 17 15 44 41 56 89 57 71 30 78 17 108 68 4
hsa-miR-30c-1-3p 43 7 6 0 16 0 0 0 7 8 8 1 0 0
hsa-miR-30c-2-3p 1 1 2 9 0 28 0 15 22 4 0 16 0 24
hsa-miR-30c-5p 883 263 545 367 568 195 407 343 722 266 224 990 489 238
hsa-miR-30d-3p 16 3 18 27 29 1 26 1 21 8 4 0 2 0
hsa-miR-30d-5p 20395 4847 15302 18250 15949 8508 21291 19852 31719 7071 9748 24702 14828 11887
hsa-miR-30e-3p 888 431 574 503 914 336 878 623 1432 420 256 1956 420 450
hsa-miR-30e-5p 1305 486 742 1434 1603 1038 1681 1620 2637 400 892 1484 1784 1287
hsa-miR-31-3p 0 0 0 0 0 1 1 0 0 1 0 1 1 0
hsa-miR-31-5p 8 0 5 1 0 3 5 3 0 3 1 1 2 0
hsa-miR-3115 0 0 0 0 0 0 0 11 0 0 0 0 0 0
hsa-miR-3117-3p 0 0 0 0 0 0 0 0 0 0 0 0 0 0
hsa-miR-3120-3p 22 0 12 12 10 0 0 22 33 0 10 60 0 12
hsa-miR-3120-5p 33 1 17 2 13 0 37 16 24 26 12 35 0 0
hsa-miR-3121-3p 0 0 2 0 0 0 0 0 7 3 0 0 0 0
hsa-miR-3122 0 0 0 0 0 0 4 0 0 0 0 4 0 9
hsa-miR-3124-5p 0 0 0 0 0 0 0 0 0 0 0 0 0 12
hsa-miR-3125 0 0 0 0 0 0 0 0 0 0 0 0 20 6
hsa-miR-3127-3p 0 17 0 0 0 0 1 4 24 0 7 2 0 0
hsa-miR-3127-5p 0 0 0 14 7 0 9 2 27 5 2 0 29 6
hsa-miR-3128 0 0 0 0 0 0 0 0 0 0 0 0 1 0
hsa-miR-3129-3p 0 0 0 0 0 0 0 0 0 1 0 0 0 0
hsa-miR-3130-3p 0 0 0 5 4 0 3 10 0 9 0 8 14 0
hsa-miR-3130-5p 0 0 4 0 0 0 0 0 0 0 0 0 0 0
hsa-miR-3131 0 0 0 0 0 0 0 0 0 2 1 5 0 0
hsa-miR-3133 0 0 0 0 0 0 0 0 0 0 0 0 0 1
hsa-miR-3135a 0 0 0 0 0 0 22 0 0 0 0 0 10 0
hsa-miR-3136-5p 0 0 0 0 0 0 0 0 12 0 0 0 0 0
hsa-miR-3138 0 0 0 0 0 0 0 4 0 0 3 6 0 0
hsa-miR-3140-3p 0 0 0 0 0 0 0 0 0 3 2 0 9 0
hsa-miR-3143 4 0 0 0 3 0 0 0 8 8 0 0 0 0
hsa-miR-3144-5p 0 0 0 0 0 0 1 0 0 0 0 0 0 0
hsa-miR-3146 0 0 0 0 0 0 0 0 0 0 0 1 0 0
hsa-miR-3150a-5p 16 11 8 13 15 6 75 37 35 20 22 32 21 9
hsa-miR-3150b-3p 0 2 0 6 0 0 3 0 2 0 0 0 0 0
hsa-miR-3150b-5p 0 0 0 0 0 0 0 0 0 0 0 0 4 0
hsa-miR-3151-5p 0 0 0 0 0 16 0 15 15 0 0 0 0 0
hsa-miR-3154 0 0 0 0 0 0 1 0 0 0 0 0 0 2
hsa-miR-3157-3p 1 0 3 13 0 19 30 0 14 7 2 0 45 23
hsa-miR-3158-3p 417 25 134 346 664 393 1136 1103 1335 316 141 431 730 570
hsa-miR-3158-5p 0 0 0 0 0 0 0 0 0 0 0 2 0 0
hsa-miR-3159 0 0 0 0 0 0 0 0 0 0 0 0 0 0
hsa-miR-3160-5p 0 0 0 0 0 0 0 0 0 0 0 0 0 0
hsa-miR-3161 12 0 0 0 0 0 0 7 0 0 0 0 0 0
hsa-miR-3162-5p 0 0 0 4 0 0 0 0 0 0 0 0 0 0
hsa-miR-3163 2 0 0 0 0 15 0 11 0 0 0 3 0 0
hsa-miR-3164 0 4 0 16 0 0 0 10 18 0 5 1 0 0
hsa-miR-3168 0 0 0 0 0 0 0 0 0 0 0 2 0 0
hsa-miR-3170 0 0 0 0 0 0 0 0 0 0 0 0 0 0
hsa-miR-3173-3p 0 5 0 19 0 0 0 0 0 2 0 2 0 0
hsa-miR-3173-5p 23 0 20 6 22 0 87 32 58 2 14 17 49 45
hsa-miR-3174 0 0 9 3 0 0 0 0 6 3 13 25 0 0
hsa-miR-3175 0 0 0 0 0 0 22 0 22 0 0 11 0 0
hsa-miR-3176 0 0 1 0 1 0 10 0 3 0 0 2 0 0
hsa-miR-3177-3p 64 0 26 10 22 0 8 0 23 5 10 56 35 24
hsa-miR-3179 0 0 0 0 0 0 0 0 10 5 1 0 0 0
hsa-miR-3180-5p 0 0 0 0 2 0 0 0 0 0 0 0 0 0
hsa-miR-3180 0 0 0 1 0 0 24 0 4 0 5 0 2 0
hsa-miR-3181 3 0 0 0 0 0 0 0 0 0 0 0 0 0
hsa-miR-3186-5p 0 0 0 0 0 0 0 0 11 0 0 0 0 0
hsa-miR-3187-3p 0 0 0 17 0 0 9 5 0 0 2 6 9 0
hsa-miR-3187-5p 0 0 4 0 0 0 0 0 0 0 0 0 0 0
hsa-miR-3188 6 0 3 13 0 0 0 0 0 13 1 0 0 0
hsa-miR-3190-3p 0 8 3 0 0 0 0 10 21 0 1 4 0 0
hsa-miR-3191-3p 17 4 11 4 0 0 0 8 23 0 5 36 0 1
hsa-miR-3191-5p 0 0 0 0 0 7 0 0 0 0 0 0 0 0
hsa-miR-3192-5p 0 0 0 0 0 0 0 0 10 0 0 10 0 17
hsa-miR-3194-3p 0 0 0 0 0 0 0 6 12 0 0 0 0 0
hsa-miR-3198 3 2 2 3 0 0 10 0 10 1 0 13 0 11
hsa-miR-3199 0 0 0 0 0 0 6 0 0 0 0 0 0 0
hsa-miR-32-3p 0 0 1 8 30 2 1 7 16 2 0 3 2 0
hsa-miR-32-5p 19 1 14 17 18 13 51 16 25 11 6 29 13 38
hsa-miR-3200-3p 0 0 1 0 0 0 7 0 0 1 0 0 0 1
hsa-miR-3200-5p 0 0 0 0 0 0 0 0 0 0 0 0 0 0
hsa-miR-3202 0 0 0 0 0 0 0 0 0 0 0 7 0 0
hsa-miR-320a 23981 7073 24773 44814 32457 20452 60732 69285 125980 20650 16791 25478 59044 32122
hsa-miR-320b 1799 522 1769 4598 3247 2452 6354 7459 12192 2630 952 2207 7459 4151
hsa-miR-320c 622 152 579 1302 1033 833 1682 1886 2724 800 253 784 2597 1523
hsa-miR-320d 122 19 134 362 198 192 417 484 646 183 44 199 466 312
hsa-miR-320e 13 4 20 28 20 18 47 50 89 13 10 19 62 31
hsa-miR-323a-3p 26 0 70 67 0 2 23 44 19 1 9 37 22 0
hsa-miR-323a-5p 16 5 27 16 0 0 14 18 25 1 4 0 30 13
hsa-miR-323b-3p 33 6 40 58 0 1 107 50 61 0 2 31 20 40
hsa-miR-324-3p 16 0 2 1 7 0 2 1 10 0 1 18 0 1
hsa-miR-324-5p 0 0 0 0 0 0 8 11 0 0 2 0 0 5
hsa-miR-326 12 2 28 26 23 18 28 50 64 25 16 45 11 19
hsa-miR-328-3p 1550 335 1158 1141 1078 335 909 961 2906 546 625 2094 758 591
hsa-miR-329-3p 0 0 0 3 0 2 4 0 16 0 0 2 0 0
hsa-miR-330-3p 600 206 789 661 402 68 518 393 868 181 382 878 171 122
hsa-miR-330-5p 49 7 19 19 18 18 31 34 70 9 8 73 12 39
hsa-miR-331-3p 24 12 14 11 1 3 20 1 57 12 8 15 1 0
hsa-miR-331-5p 29 7 26 30 18 6 37 3 35 12 6 39 34 17
hsa-miR-335-3p 148 18 124 53 75 53 115 128 385 67 99 175 36 142
hsa-miR-335-5p 15 5 12 9 0 5 3 9 28 8 5 9 10 8
hsa-miR-337-3p 0 5 7 2 0 0 0 11 0 0 0 0 12 0
hsa-miR-337-5p 0 0 0 0 0 0 0 7 0 0 0 0 0 0
hsa-miR-338-3p 0 0 0 15 8 1 0 0 0 0 0 0 0 0
hsa-miR-338-5p 3 19 8 13 26 36 29 14 41 7 17 43 32 0
hsa-miR-339-3p 65 11 21 72 130 75 99 75 110 38 22 92 75 24
hsa-miR-339-5p 95 21 41 35 56 10 2 9 39 12 8 73 0 3
hsa-miR-33a-3p 0 0 0 0 0 0 0 0 0 2 0 0 0 0
hsa-miR-33a-5p 0 0 3 0 0 0 0 0 0 0 0 11 0 0
hsa-miR-33b-3p 0 0 0 0 0 0 0 0 0 0 2 0 0 0
hsa-miR-340-3p 1181 312 501 264 527 196 652 285 877 257 227 1208 159 278
hsa-miR-340-5p 400 49 179 348 320 148 328 198 655 154 93 556 226 150
hsa-miR-342-3p 85 23 42 142 49 42 70 66 51 37 28 89 196 111
hsa-miR-342-5p 1454 261 1070 1847 1328 1482 1509 1638 2844 953 410 2102 2273 1859
hsa-miR-345-5p 40 4 23 85 54 11 59 132 161 32 13 124 102 20
hsa-miR-34a-3p 0 0 0 0 0 0 0 0 0 0 0 1 0 0
hsa-miR-34a-5p 3 0 1 0 0 6 0 2 0 4 1 3 0 1
hsa-miR-34b-3p 0 0 0 0 0 0 0 0 0 0 0 10 0 0
hsa-miR-34c-3p 2 0 0 0 0 0 0 0 0 0 0 0 0 0
hsa-miR-34c-5p 3 0 1 7 0 2 4 21 0 4 0 4 2 6
hsa-miR-3591-5p 1 13 1 5 5 3 6 1 3 4 0 5 15 5
hsa-miR-3605-3p 136 45 82 48 70 9 115 129 120 34 14 35 124 86
hsa-miR-3605-5p 19 10 9 21 47 0 26 61 61 19 13 9 27 36
hsa-miR-3607-3p 0 0 0 0 0 0 0 0 0 0 0 0 0 1
hsa-miR-3609 0 0 0 0 1 0 0 0 0 0 0 0 0 0
hsa-miR-361-3p 1265 294 896 698 775 308 824 628 1356 291 660 1061 415 381
hsa-miR-361-5p 29 21 18 24 15 30 10 22 78 18 11 47 29 4
hsa-miR-3613-3p 0 0 0 0 0 0 0 0 0 0 0 9 0 0
hsa-miR-3614-3p 0 0 0 0 0 0 0 0 0 0 0 0 0 0
hsa-miR-3614-5p 0 5 0 12 20 31 6 1 16 3 8 3 0 0
hsa-miR-3615 2823 515 1271 3112 3348 2693 6842 7121 10372 1769 1103 2993 6148 4137
hsa-miR-3617-5p 0 4 0 0 0 0 0 0 4 0 3 0 0 0
hsa-miR-362-5p 15 1 0 0 13 0 0 0 0 1 1 1 2 0
hsa-miR-3620-5p 0 0 0 0 0 0 0 0 5 0 0 0 1 14
hsa-miR-3622b-5p 0 0 0 0 0 3 2 0 0 0 0 0 0 0
hsa-miR-363-3p 575 93 162 779 915 1027 961 1116 1530 416 283 887 609 563
hsa-miR-363-5p 3 0 16 14 6 83 20 35 83 0 1 12 73 14
hsa-miR-365a-3p 2 0 0 0 0 2 0 2 0 2 0 2 0 0
hsa-miR-365a-5p 15 0 3 6 1 0 0 0 11 19 2 0 47 38
hsa-miR-365b-5p 7 0 0 0 0 0 0 17 28 6 0 2 31 0
hsa-miR-3660 0 0 0 0 0 0 0 0 0 0 0 1 0 0
hsa-miR-3661 0 0 4 0 0 0 0 0 0 0 0 0 0 0
hsa-miR-3662 0 0 0 0 0 0 0 0 0 0 1 0 0 1
hsa-miR-3663-5p 0 0 0 0 0 0 0 0 0 0 0 0 0 0
hsa-miR-3664-5p 0 0 0 0 0 0 0 0 0 10 0 0 0 0
hsa-miR-3667-3p 0 0 0 0 0 0 0 0 0 0 1 0 0 0
hsa-miR-3675-3p 0 0 0 0 0 0 0 0 0 0 0 7 0 0
hsa-miR-3675-5p 0 0 0 0 0 0 0 1 0 0 0 1 0 0
hsa-miR-3679-5p 3 0 0 12 21 5 11 0 12 13 0 15 9 0
hsa-miR-3680-5p 7 0 0 0 0 0 7 0 0 0 0 0 13 0
hsa-miR-3682-3p 0 0 2 0 0 0 20 0 25 1 0 0 12 0
hsa-miR-3683 0 0 0 0 0 0 0 0 0 0 0 0 0 0
hsa-miR-3685 0 0 0 0 0 0 0 0 15 0 0 0 0 0
hsa-miR-3688-3p 0 0 0 0 0 0 0 0 15 0 0 3 0 1
hsa-miR-369-3p 14 0 10 0 0 0 0 22 0 0 0 3 15 0
hsa-miR-369-5p 76 6 37 28 17 0 83 44 36 0 9 34 6 7
hsa-miR-3690 0 0 2 5 14 10 0 5 7 6 0 6 1 0
hsa-miR-3691-5p 0 2 0 0 0 0 17 9 16 0 7 13 0 0
hsa-miR-370-3p 370 54 658 460 203 32 758 489 655 57 106 456 196 42
hsa-miR-370-5p 0 0 0 0 0 0 0 0 0 0 0 0 0 0
hsa-miR-371a-3p 0 3 0 1 5 0 0 0 4 0 0 0 0 0
hsa-miR-371a-5p 0 4 0 3 4 0 0 1 7 1 0 2 0 0
hsa-miR-371b-5p 0 0 0 2 0 0 0 0 0 0 1 0 0 0
hsa-miR-372-3p 3 114 2 112 163 9 11 8 290 6 0 6 0 44
hsa-miR-373-3p 0 1 0 3 1 0 3 0 3 1 0 0 0 0
hsa-miR-374a-3p 43 0 15 11 13 17 50 27 4 1 1 44 15 11
hsa-miR-374a-5p 31 0 7 29 33 15 3 63 28 17 16 45 1 2
hsa-miR-374b-3p 0 3 0 0 0 1 1 0 7 1 0 0 0 0
hsa-miR-374b-5p 29 0 13 6 8 26 12 9 5 6 3 64 7 11
hsa-miR-374c-3p 0 0 0 0 0 0 0 0 1 0 0 0 0 0
hsa-miR-374c-5p 8 0 0 0 0 0 0 0 0 0 1 0 0 0
hsa-miR-375 627 186 228 5727 1346 1749 1895 1828 2121 502 128 972 661 537
hsa-miR-376a-3p 0 0 0 0 0 1 0 0 0 0 0 0 0 0
hsa-miR-376c-3p 0 0 0 0 0 0 15 0 0 0 0 0 0 0
hsa-miR-377-3p 0 0 0 0 0 0 0 0 0 0 0 0 0 0
hsa-miR-377-5p 0 0 4 0 0 0 0 0 0 0 0 0 0 0
hsa-miR-378a-3p 932 286 852 2176 1571 1189 2320 3042 3125 1160 615 1684 3664 1912
hsa-miR-378a-5p 0 0 4 1 0 1 0 1 12 10 1 0 1 5
hsa-miR-378b 0 0 0 5 0 0 0 0 2 0 0 0 0 1
hsa-miR-378c 12 0 3 11 0 6 13 6 10 2 4 2 12 17
hsa-miR-378d 1 2 5 8 17 28 24 61 62 31 3 22 7 19
hsa-miR-378e 6 1 1 6 4 4 19 7 10 3 2 6 9 4
hsa-miR-378f 7 0 1 14 14 3 2 18 9 2 1 0 6 4
hsa-miR-378g 1 0 4 3 11 3 2 7 17 3 2 14 6 27
hsa-miR-378h 0 0 0 1 0 2 2 1 2 0 0 2 0 0
hsa-miR-378i 1 2 1 1 1 0 16 6 2 2 0 0 3 2
hsa-miR-379-3p 0 0 0 2 0 0 0 0 11 0 0 0 0 1
hsa-miR-379-5p 181 9 150 133 50 26 159 128 105 42 18 210 55 59
hsa-miR-380-5p 0 0 9 0 0 0 0 9 0 0 0 1 0 0
hsa-miR-381-3p 153 15 323 313 93 46 356 312 171 82 49 255 184 94
hsa-miR-382-3p 0 0 1 0 0 2 0 1 0 2 0 1 33 0
hsa-miR-382-5p 220 43 149 114 53 3 255 213 197 32 37 85 0 38
hsa-miR-3909 0 4 1 43 0 1 78 44 21 0 4 2 10 0
hsa-miR-3911 0 0 4 13 4 0 0 0 11 0 0 0 0 0
hsa-miR-3912-3p 0 0 5 0 0 0 0 0 0 1 0 1 0 0
hsa-miR-3913-5p 24 5 13 7 27 11 16 27 46 16 7 4 25 30
hsa-miR-3918 0 0 0 0 0 0 0 0 11 0 0 0 0 0
hsa-miR-3920 0 0 0 0 0 0 0 0 0 0 3 1 0 0
hsa-miR-3928-3p 0 0 13 12 0 22 8 2 25 4 3 0 0 1
hsa-miR-3934-5p 1 0 0 0 0 0 7 7 16 2 0 14 16 0
hsa-miR-3936 0 0 0 0 0 0 0 0 0 0 3 0 0 0
hsa-miR-3939 0 0 0 0 0 0 0 5 0 0 1 0 0 0
hsa-miR-3940-3p 0 0 0 0 0 0 0 0 0 0 0 0 0 19
hsa-miR-3940-5p 9 0 0 0 0 0 0 0 1 0 0 0 0 0
hsa-miR-3944-3p 0 0 0 5 0 0 0 0 0 0 0 0 0 0
hsa-miR-3944-5p 0 0 4 0 0 0 0 0 0 0 0 0 0 0
hsa-miR-3960 0 0 0 0 0 7 0 0 0 0 0 0 0 0
hsa-miR-409-3p 3896 788 6937 4514 1543 750 8070 5085 4708 691 1048 3090 1340 963
hsa-miR-409-5p 0 0 7 6 0 3 0 13 0 0 0 1 0 0
hsa-miR-410-3p 0 0 0 0 0 0 0 1 2 9 0 2 0 0
hsa-miR-411-3p 0 0 19 13 0 0 53 9 0 1 4 0 0 0
hsa-miR-411-5p 48 2 48 12 8 5 18 13 24 1 1 21 19 1
hsa-miR-412-3p 0 0 22 0 0 0 0 0 0 0 0 0 0 0
hsa-miR-412-5p 0 1 8 0 0 0 0 1 0 16 0 1 0 0
hsa-miR-421 14 14 23 5 0 8 8 39 44 2 13 24 1 22
hsa-miR-423-3p 13148 2555 9706 10623 10517 4704 13783 13076 27865 4824 5724 20232 9736 6468
hsa-miR-423-5p 70773 13500 63872 86578 118568 65155 110470 135695 197580 26109 55582 89949 214940 102152
hsa-miR-424-3p 78 31 61 173 264 181 446 512 413 100 47 243 288 89
hsa-miR-424-5p 2 0 0 1 0 8 0 4 5 2 0 1 0 0
hsa-miR-425-3p 16 0 12 28 12 5 3 41 55 1 21 65 15 8
hsa-miR-425-5p 1153 364 902 634 1048 452 1100 1307 1943 389 422 1739 583 411
hsa-miR-4286 0 0 0 0 1 2 0 0 0 0 0 2 1 0
hsa-miR-429 3 0 10 4 0 1 0 1 0 3 4 3 15 16
hsa-miR-4306 0 0 0 5 0 1 0 0 1 0 0 0 0 0
hsa-miR-431-3p 0 0 1 0 0 2 0 1 0 7 0 4 0 0
hsa-miR-431-5p 14 0 18 9 0 1 0 22 25 2 4 14 0 0
hsa-miR-4318 0 0 0 0 2 0 0 0 0 0 0 0 0 0
hsa-miR-432-5p 634 148 1052 632 177 1 1243 719 844 160 194 506 142 239
hsa-miR-4324 0 0 0 0 0 0 0 0 0 1 0 0 0 0
hsa-miR-4326 62 0 55 79 48 4 77 47 157 15 15 54 1 96
hsa-miR-433-3p 11 17 127 77 11 1 5 34 71 13 18 46 36 17
hsa-miR-4427 0 0 0 0 0 0 16 0 0 0 0 0 0 0
hsa-miR-4429 13 1 18 48 27 30 52 70 110 18 12 16 52 46
hsa-miR-4433a-3p 0 4 4 3 5 0 3 2 0 0 2 20 0 0
hsa-miR-4433a-5p 0 0 0 0 0 0 0 0 0 0 0 1 0 0
hsa-miR-4433b-3p 580 102 473 167 562 63 324 196 414 130 325 1328 161 206
hsa-miR-4433b-5p 508 73 482 308 401 50 463 371 656 67 265 859 201 194
hsa-miR-4435 15 0 0 7 0 7 0 0 80 8 4 13 0 1
hsa-miR-4436a 10 0 0 0 0 0 0 0 8 0 0 0 0 0
hsa-miR-4436b-3p 0 0 1 0 0 0 0 0 0 0 0 4 0 0
hsa-miR-4436b-5p 9 0 0 0 0 0 0 0 0 0 0 0 0 0
hsa-miR-4437 0 0 0 0 0 0 0 17 0 0 6 0 0 0
hsa-miR-4440 0 0 0 0 0 0 0 0 19 5 2 15 0 0
hsa-miR-4443 0 0 0 0 0 0 0 1 15 0 1 0 0 0
hsa-miR-4444 0 0 3 0 0 0 0 0 0 0 0 0 0 0
hsa-miR-4446-3p 951 170 521 291 373 148 567 351 1998 313 386 1117 140 278
hsa-miR-4448 1 0 3 0 0 0 2 0 0 0 0 1 0 0
hsa-miR-4449 0 0 1 0 1 0 0 0 13 0 4 5 11 0
hsa-miR-4454 1 0 0 0 0 0 0 0 0 0 0 0 0 0
hsa-miR-4458 0 0 3 0 0 0 0 0 0 0 0 0 0 0
hsa-miR-4459 4 0 0 0 0 0 0 0 0 0 0 0 0 0
hsa-miR-4461 0 0 0 0 0 0 0 0 0 1 0 0 0 0
hsa-miR-4462 0 0 0 0 0 0 7 0 0 0 0 0 0 0
hsa-miR-4466 11 9 4 13 31 42 67 58 45 15 1 12 33 41
hsa-miR-4467 25 0 6 0 20 43 28 12 0 0 6 18 9 17
hsa-miR-4470 0 0 9 4 0 0 0 0 0 8 0 8 0 0
hsa-miR-4473 22 0 24 2 18 0 10 1 45 0 9 50 20 0
hsa-miR-4474-3p 2 0 0 0 0 0 8 0 0 0 0 0 0 0
hsa-miR-4477b 0 0 0 0 0 0 0 0 0 1 0 0 0 0
hsa-miR-4482-3p 0 0 0 0 20 0 0 0 3 0 0 0 0 0
hsa-miR-4489 1 0 0 0 0 0 0 15 1 0 2 0 0 7
hsa-miR-4491 0 0 0 0 0 0 0 0 0 0 0 0 0 0
hsa-miR-4498 0 0 0 0 0 0 0 0 0 0 0 1 8 0
hsa-miR-449a 0 0 2 0 0 0 1 0 0 1 1 0 0 2
hsa-miR-449c-5p 1 0 0 0 1 1 0 1 0 0 0 0 0 0
hsa-miR-4503 0 0 0 12 0 0 0 0 0 0 0 0 0 0
hsa-miR-4504 1 0 0 0 18 0 11 6 15 0 0 0 0 0
hsa-miR-450a-2-3p 1 0 5 0 0 0 0 0 0 1 0 0 15 0
hsa-miR-450a-5p 14 2 16 12 4 9 25 21 18 12 3 2 0 69
hsa-miR-450b-5p 4 1 6 15 0 6 17 19 10 17 5 42 6 4
hsa-miR-4510 0 0 0 0 0 0 0 0 0 0 0 2 0 0
hsa-miR-4511 0 3 8 0 0 0 0 0 0 0 2 0 0 0
hsa-miR-451a 101953 14954 44362 169653 326081 216479 375312 434352 519984 129544 49626 159447 258324 218546
hsa-miR-452-5p 17 8 12 0 0 3 13 4 6 3 2 12 0 0
hsa-miR-4520-3p 0 0 0 0 0 1 0 0 0 0 0 0 0 0
hsa-miR-4521 0 0 3 0 0 3 3 8 0 5 0 10 0 4
hsa-miR-4525 0 0 3 0 23 0 0 0 9 0 0 0 17 11
hsa-miR-4533 0 0 5 10 0 0 32 0 14 0 4 9 0 0
hsa-miR-454-3p 0 0 4 11 0 2 28 11 5 8 10 1 0 0
hsa-miR-454-5p 3 0 10 12 17 0 35 9 0 0 1 24 1 0
hsa-miR-455-3p 1 0 0 1 0 6 0 4 0 0 0 1 1 1
hsa-miR-455-5p 29 6 3 35 7 21 19 21 64 27 1 37 93 19
hsa-miR-4632-5p 0 0 0 0 0 0 0 0 5 0 0 0 0 0
hsa-miR-4635 0 0 0 0 0 0 0 2 0 2 0 0 0 0
hsa-miR-4638-5p 0 0 0 0 0 0 0 0 3 0 0 0 0 0
hsa-miR-4639-5p 0 0 0 0 0 0 17 0 0 0 4 0 0 0
hsa-miR-4640-3p 0 0 0 4 0 0 0 0 0 0 0 0 0 0
hsa-miR-4645-3p 0 0 0 0 0 0 0 0 0 0 0 0 0 2
hsa-miR-4646-3p 0 9 0 20 0 13 27 6 34 13 8 0 0 1
hsa-miR-4646-5p 2 0 9 0 4 0 0 11 0 6 1 6 16 28
hsa-miR-4647 11 0 9 5 0 8 15 10 33 5 8 19 27 17
hsa-miR-4648 0 0 3 0 0 0 0 0 0 0 0 0 0 15
hsa-miR-4654 3 0 5 9 0 0 0 0 2 0 10 2 0 0
hsa-miR-4655-5p 0 0 0 0 0 0 0 0 0 0 0 3 0 0
hsa-miR-4657 0 0 0 0 0 9 6 0 0 0 0 0 0 0
hsa-miR-4658 0 0 1 0 0 0 0 0 7 0 0 0 0 0
hsa-miR-4659a-3p 4 0 1 2 0 13 0 0 0 0 1 0 0 0
hsa-miR-4659b-3p 0 0 0 3 14 0 62 0 0 0 0 17 0 0
hsa-miR-4659b-5p 0 0 0 0 0 0 0 0 1 0 0 0 10 0
hsa-miR-4660 0 0 0 0 0 0 0 0 10 0 0 0 0 0
hsa-miR-4661-5p 3 0 9 6 0 0 0 17 26 7 2 17 28 19
hsa-miR-4662a-5p 17 0 0 0 0 0 0 0 0 9 2 27 0 0
hsa-miR-4662b 0 0 0 0 0 0 9 0 0 0 0 0 0 0
hsa-miR-4664-3p 9 0 35 2 0 0 15 22 66 14 4 1 0 1
hsa-miR-4665-5p 67 17 35 17 25 1 55 26 44 30 29 32 19 0
hsa-miR-4667-5p 0 0 2 0 7 0 0 0 9 0 2 5 0 0
hsa-miR-4668-5p 0 0 0 3 0 0 0 6 0 0 0 0 0 0
hsa-miR-4669 2 0 1 54 0 0 82 44 7 0 5 0 0 0
hsa-miR-4672 0 0 0 0 0 0 0 0 0 0 1 0 0 0
hsa-miR-4674 0 0 0 0 0 0 0 0 0 0 0 0 0 0
hsa-miR-4676-3p 0 0 0 0 0 0 0 0 0 0 0 2 0 0
hsa-miR-4676-5p 0 0 11 0 0 0 0 0 0 0 0 6 0 0
hsa-miR-4677-3p 1 0 4 0 0 0 0 1 6 0 0 7 0 0
hsa-miR-4677-5p 6 0 0 0 0 14 0 11 22 7 1 0 0 0
hsa-miR-4678 0 0 0 0 0 0 0 0 0 0 0 0 0 0
hsa-miR-4683 0 0 2 9 0 0 0 0 0 0 1 5 0 0
hsa-miR-4685-3p 11 0 5 28 16 27 0 35 40 0 1 11 45 0
hsa-miR-4686 0 0 0 0 0 0 0 0 0 0 0 6 0 0
hsa-miR-4687-3p 0 0 0 0 0 0 0 0 0 0 0 13 0 0
hsa-miR-4688 0 0 0 1 0 0 0 6 44 0 0 0 0 0
hsa-miR-4689 0 0 0 0 0 0 0 0 0 0 0 0 0 0
hsa-miR-4690-3p 0 0 0 0 0 0 0 13 0 0 0 0 0 0
hsa-miR-4695-5p 0 0 0 0 0 0 0 0 0 0 0 0 0 0
hsa-miR-4697-5p 0 0 0 0 0 0 0 0 10 0 0 0 0 7
hsa-miR-4700-5p 0 0 0 0 0 0 0 0 0 0 1 0 0 0
hsa-miR-4706 0 0 0 0 0 0 0 0 0 2 3 0 0 0
hsa-miR-4707-5p 0 0 0 0 0 0 0 0 0 12 0 0 0 0
hsa-miR-4709-3p 0 0 0 0 0 0 0 4 0 0 0 0 0 0
hsa-miR-4710 0 0 0 0 0 0 0 0 2 0 0 0 0 0
hsa-miR-4714-5p 0 0 0 0 0 0 8 0 0 0 0 0 0 0
hsa-miR-4716-3p 0 0 0 0 0 0 0 0 0 5 0 7 0 12
hsa-miR-4717-3p 0 0 0 0 0 0 0 0 0 1 0 0 0 0
hsa-miR-4721 0 0 2 0 0 0 0 16 0 0 0 0 0 0
hsa-miR-4723-3p 9 0 0 0 0 0 0 0 3 0 0 0 8 0
hsa-miR-4723-5p 0 0 3 0 0 0 0 0 0 0 0 0 0 14
hsa-miR-4724-5p 0 0 0 0 0 0 0 0 0 0 0 0 0 0
hsa-miR-4726-5p 0 0 0 0 0 0 0 0 0 9 2 4 0 0
hsa-miR-4727-3p 10 0 0 0 0 16 0 0 14 0 2 6 0 0
hsa-miR-4732-3p 168 22 60 122 187 274 515 454 562 73 40 126 281 300
hsa-miR-4732-5p 113 8 67 236 287 335 704 834 955 114 85 187 754 274
hsa-miR-4734 0 0 0 0 0 0 0 0 0 0 0 5 0 0
hsa-miR-4738-3p 8 3 1 2 0 0 0 0 14 2 0 8 6 0
hsa-miR-4741 0 0 0 7 0 1 0 0 1 0 0 0 0 0
hsa-miR-4742-3p 1 0 0 0 6 0 4 3 26 0 1 7 0 13
hsa-miR-4742-5p 7 0 0 0 0 0 13 0 4 0 0 5 0 0
hsa-miR-4743-3p 0 0 0 0 0 0 5 0 0 0 0 0 0 0
hsa-miR-4743-5p 0 0 0 0 0 0 0 0 0 0 6 6 0 0
hsa-miR-4745-5p 9 0 0 7 12 0 0 5 22 5 3 0 0 0
hsa-miR-4746-5p 28 1 19 34 44 17 81 53 44 37 17 47 24 28
hsa-miR-4747-3p 0 0 0 0 0 0 0 0 0 0 0 0 0 0
hsa-miR-4747-5p 0 0 0 0 0 0 12 0 0 0 2 0 0 1
hsa-miR-4748 0 0 2 0 0 0 0 0 0 0 0 0 0 0
hsa-miR-4749-3p 0 0 2 0 0 0 0 0 0 0 0 0 0 0
hsa-miR-4749-5p 0 0 0 0 0 0 20 0 0 0 0 0 0 0
hsa-miR-4750-5p 17 0 15 2 0 19 11 0 17 0 0 2 0 0
hsa-miR-4753-5p 0 0 0 3 0 0 0 0 0 0 0 0 0 0
hsa-miR-4754 0 0 0 0 0 0 0 0 0 0 3 0 0 0
hsa-miR-4755-3p 0 0 0 0 0 0 0 0 10 0 0 0 0 0
hsa-miR-4755-5p 9 0 16 5 0 0 0 54 30 13 5 44 0 0
hsa-miR-4762-3p 0 0 3 0 0 0 0 12 1 0 0 1 0 10
hsa-miR-4763-5p 0 0 0 0 0 0 0 0 12 0 0 0 0 0
hsa-miR-4765 0 0 0 0 0 0 15 0 0 0 0 0 0 0
hsa-miR-4772-3p 0 0 0 10 2 0 0 0 0 0 0 0 0 0
hsa-miR-4773 0 0 0 9 0 0 0 0 0 0 0 0 0 0
hsa-miR-4779 0 0 0 0 0 0 0 0 0 0 0 0 0 0
hsa-miR-4781-3p 5 0 0 0 0 0 0 0 0 0 0 0 0 14
hsa-miR-4783-3p 0 0 0 0 0 0 0 2 0 0 0 0 0 0
hsa-miR-4784 0 0 0 0 0 0 0 0 0 0 0 0 0 0
hsa-miR-4786-5p 6 0 0 0 19 0 0 0 0 0 0 0 1 0
hsa-miR-4787-3p 0 0 0 5 0 0 0 0 0 0 0 0 0 0
hsa-miR-4791 0 0 1 0 0 0 0 0 0 0 0 0 0 0
hsa-miR-4796-3p 0 0 0 0 1 0 0 0 0 0 0 0 0 0
hsa-miR-4796-5p 0 0 0 0 0 0 0 0 0 0 1 0 0 0
hsa-miR-4797-3p 0 0 0 0 0 0 0 0 0 0 0 8 0 0
hsa-miR-4797-5p 0 0 0 0 0 0 0 0 7 0 0 0 0 0
hsa-miR-4800-3p 0 0 0 0 0 0 0 0 6 0 0 0 0 24
hsa-miR-4800-5p 0 0 0 0 2 0 0 0 0 0 0 0 0 0
hsa-miR-4804-5p 0 0 0 6 0 0 2 8 1 0 0 0 0 14
hsa-miR-483-3p 9 0 19 39 68 100 39 65 7 28 2 39 120 47
hsa-miR-483-5p 176 57 115 238 378 309 251 286 250 39 84 229 1810 841
hsa-miR-484 820 222 693 704 1144 229 941 767 2151 264 482 1204 413 428
hsa-miR-485-3p 77 9 203 138 25 51 119 71 115 20 41 132 62 19
hsa-miR-485-5p 380 41 376 215 113 76 251 249 279 97 76 167 126 80
hsa-miR-486-3p 541 116 406 1332 1301 1103 2494 2503 3476 518 403 1044 2000 1372
hsa-miR-486-5p 122311 22089 62559 158235 234583 197274 397348 429583 544538 105881 70292 166725 296032 237301
hsa-miR-487a-3p 0 0 0 0 0 0 0 1 0 0 0 0 0 0
hsa-miR-487a-5p 1 0 1 5 0 0 0 0 0 0 0 0 0 0
hsa-miR-487b-3p 0 0 0 6 0 21 0 9 0 0 1 14 0 0
hsa-miR-489-3p 0 0 0 0 0 0 3 0 0 0 0 0 0 0
hsa-miR-490-3p 12 0 0 4 8 0 0 0 0 0 0 0 0 0
hsa-miR-491-5p 0 0 0 0 0 0 0 1 0 0 0 0 0 0
hsa-miR-493-3p 381 56 344 272 44 41 412 201 345 59 95 360 22 57
hsa-miR-493-5p 37 14 83 19 13 18 132 32 28 69 23 73 9 33
hsa-miR-494-3p 13 0 24 14 0 0 1 4 7 1 2 12 0 0
hsa-miR-495-3p 102 33 104 86 83 19 159 33 34 13 28 99 23 26
hsa-miR-497-5p 0 0 0 0 0 0 0 0 0 0 0 13 0 0
hsa-miR-498 0 0 0 0 0 2 0 5 0 0 0 3 0 0
hsa-miR-499a-5p 0 10 11 18 49 91 50 67 80 54 1 32 84 51
hsa-miR-499b-5p 0 0 0 8 0 0 0 0 0 0 0 0 0 0
hsa-miR-5001-3p 0 0 0 0 0 0 0 0 0 0 0 0 0 0
hsa-miR-5003-3p 4 0 0 0 4 1 0 0 0 6 0 3 0 0
hsa-miR-5004-3p 0 1 0 0 0 0 0 0 6 0 3 9 0 0
hsa-miR-5004-5p 0 0 0 0 0 0 0 0 13 0 0 0 0 0
hsa-miR-5006-5p 0 0 0 0 0 0 0 0 0 0 0 2 0 0
hsa-miR-5008-3p 0 0 1 0 0 0 0 0 0 0 0 0 0 0
hsa-miR-5009-5p 13 0 4 4 0 6 6 0 33 10 5 6 50 12
hsa-miR-500a-3p 8 5 3 6 31 36 5 51 12 12 6 6 10 56
hsa-miR-500b-3p 0 0 1 2 0 0 0 0 0 1 0 5 0 0
hsa-miR-501-3p 82 6 32 41 176 125 350 294 410 95 52 118 200 110
hsa-miR-501-5p 0 0 0 8 0 0 0 2 9 0 2 0 0 7
hsa-miR-5010-3p 10 6 33 43 42 30 37 6 40 4 23 39 3 0
hsa-miR-5010-5p 7 1 20 34 53 46 39 88 62 11 20 31 102 28
hsa-miR-502-3p 7 5 3 0 33 15 14 27 51 5 5 27 35 43
hsa-miR-503-5p 27 1 5 12 52 41 40 73 37 42 9 23 39 24
hsa-miR-504-3p 0 0 0 0 0 0 0 0 0 0 0 0 7 0
hsa-miR-504-5p 11 2 0 8 6 4 28 10 2 12 1 20 0 0
hsa-miR-505-3p 16 10 5 10 30 0 2 23 0 16 10 27 0 6
hsa-miR-505-5p 84 40 118 194 74 121 322 203 270 46 70 215 175 101
hsa-miR-506-3p 0 0 0 0 0 0 0 0 0 0 0 6 0 0
hsa-miR-508-3p 0 0 0 0 9 0 0 0 0 0 0 0 0 0
hsa-miR-5089-5p 0 0 0 0 0 0 0 0 0 0 0 0 12 0
hsa-miR-509-3-5p 0 0 0 3 7 2 0 0 0 0 0 16 0 0
hsa-miR-509-3p 0 0 3 10 0 0 0 0 0 0 0 0 0 0
hsa-miR-509-5p 0 0 0 0 0 0 0 0 0 0 0 0 0 19
hsa-miR-5090 0 0 0 1 0 2 0 0 0 0 1 0 0 0
hsa-miR-511-3p 0 0 0 0 0 0 0 0 0 0 0 0 0 0
hsa-miR-511-5p 141 27 78 188 119 37 190 140 372 118 31 186 274 415
hsa-miR-512-3p 0 0 0 0 0 29 0 50 0 38 0 36 0 0
hsa-miR-512-5p 0 0 0 0 0 1 0 2 0 2 0 0 0 0
hsa-miR-513c-5p 0 0 0 0 0 15 0 0 0 0 0 0 0 17
hsa-miR-514a-3p 0 0 0 0 0 0 0 0 0 1 0 0 0 18
hsa-miR-515-3p 0 0 0 0 0 0 0 0 0 0 0 0 0 0
hsa-miR-515-5p 0 0 0 0 0 7 0 10 0 3 0 2 0 0
hsa-miR-516a-5p 0 8 0 0 0 77 0 54 0 82 0 57 0 0
hsa-miR-516b-5p 27 0 0 27 22 283 29 184 91 207 3 162 57 44
hsa-miR-517-5p 0 0 0 0 0 2 0 0 0 0 0 0 0 0
hsa-miR-517b-3p 0 0 4 0 0 42 0 49 0 36 0 43 0 1
hsa-miR-517c-3p 0 0 0 0 0 1 0 0 0 4 2 5 0 0
hsa-miR-5187-5p 0 0 9 2 0 6 6 0 4 3 5 14 0 0
hsa-miR-5188 0 0 0 0 0 0 0 0 0 0 0 3 0 0
hsa-miR-5189-3p 0 0 0 0 0 0 0 0 27 0 0 0 0 0
hsa-miR-5189-5p 33 3 36 16 34 0 23 39 47 6 9 15 48 26
hsa-miR-518a-3p 0 0 0 0 0 9 0 14 0 24 0 9 0 0
hsa-miR-518b 0 0 0 0 0 42 0 33 0 20 0 30 0 21
hsa-miR-518c-3p 0 0 0 0 0 11 0 14 0 15 0 13 0 0
hsa-miR-518c-5p 0 0 0 0 0 6 0 7 0 4 0 6 0 0
hsa-miR-518e-3p 0 0 0 0 0 17 0 12 0 11 0 12 0 0
hsa-miR-518f-3p 0 0 0 0 0 12 0 2 0 4 0 5 0 0
hsa-miR-518f-5p 0 0 0 0 0 3 0 6 0 4 0 4 0 0
hsa-miR-5192 0 0 0 0 0 0 25 0 9 0 0 7 0 0
hsa-miR-5193 0 22 2 19 0 0 16 11 7 5 21 21 0 0
hsa-miR-5196-3p 0 0 4 16 12 0 12 0 0 0 0 0 26 22
hsa-miR-519a-3p 0 0 0 0 0 0 0 1 0 2 0 0 0 0
hsa-miR-519b-3p 0 0 0 0 0 0 0 0 0 1 0 0 0 0
hsa-miR-519b-5p 0 0 0 0 0 22 0 23 0 21 0 15 0 0
hsa-miR-519c-3p 0 0 0 0 0 1 0 2 0 0 0 1 0 0
hsa-miR-519d-3p 0 0 0 0 0 4 0 13 0 15 0 7 0 0
hsa-miR-519d-5p 0 0 0 0 0 0 0 1 0 0 0 0 0 0
hsa-miR-520a-3p 0 0 0 0 0 14 0 17 0 21 3 9 0 0
hsa-miR-520a-5p 0 0 0 0 0 4 0 6 0 2 0 0 0 0
hsa-miR-520c-5p 0 0 0 0 0 4 0 4 0 4 0 4 0 0
hsa-miR-520d-3p 0 0 0 0 0 2 0 6 0 8 0 4 0 0
hsa-miR-520d-5p 0 0 0 0 0 2 0 1 0 0 0 0 0 0
hsa-miR-520e 0 0 0 0 0 0 0 0 0 0 0 0 0 0
hsa-miR-520f-3p 0 0 0 0 0 5 0 10 0 1 0 6 0 0
hsa-miR-520f-5p 0 0 0 0 0 0 0 0 0 1 0 0 0 0
hsa-miR-520g-5p 0 0 0 0 0 0 0 3 0 1 0 1 0 0
hsa-miR-520h 0 0 0 0 0 21 0 9 0 7 0 7 0 0
hsa-miR-521 0 0 0 0 0 0 0 0 0 0 0 0 0 0
hsa-miR-522-3p 0 0 0 0 1 9 0 5 1 4 0 1 0 0
hsa-miR-523-3p 0 0 0 0 0 15 0 19 0 13 0 14 0 0
hsa-miR-524-3p 0 0 0 0 0 1 0 0 0 0 0 0 0 0
hsa-miR-524-5p 0 0 0 0 0 2 0 2 0 3 0 1 0 0
hsa-miR-525-3p 0 0 0 0 0 1 0 0 0 0 0 0 0 0
hsa-miR-525-5p 0 0 0 0 0 1 0 4 0 2 0 3 0 0
hsa-miR-526b-3p 0 0 0 0 0 0 0 1 0 0 0 0 0 0
hsa-miR-526b-5p 0 0 0 0 0 35 0 51 0 47 0 45 0 0
hsa-miR-527 0 0 0 0 0 0 0 0 0 1 0 0 0 0
hsa-miR-532-3p 0 0 0 0 5 0 0 21 0 0 0 4 0 0
hsa-miR-532-5p 479 103 293 943 1146 931 1500 1328 1396 348 351 709 1115 578
hsa-miR-539-5p 5 0 8 6 0 0 0 0 0 0 0 10 0 0
hsa-miR-541-3p 0 0 7 8 0 0 0 0 0 0 0 0 0 0
hsa-miR-542-3p 4 0 4 3 0 28 1 23 0 16 4 15 3 5
hsa-miR-543 1065 306 1272 923 636 48 1718 997 1283 298 317 844 262 296
hsa-miR-548a-3p 0 0 0 0 0 8 0 0 0 0 0 0 0 0
hsa-miR-548ab 3 0 0 0 0 0 0 0 0 0 0 0 0 0
hsa-miR-548ad-5p 0 0 0 5 0 0 0 0 0 0 0 4 0 0
hsa-miR-548ag 0 5 1 0 0 0 0 0 0 0 0 3 0 0
hsa-miR-548ah-3p 25 0 2 14 0 1 1 4 26 2 5 5 0 12
hsa-miR-548ah-5p 0 0 0 0 0 0 0 0 0 0 0 0 13 0
hsa-miR-548al 0 0 3 0 0 0 0 0 0 0 0 0 0 0
hsa-miR-548am-3p 31 6 33 33 7 5 24 14 47 7 20 32 26 28
hsa-miR-548an 0 0 0 0 0 0 0 0 1 0 0 0 0 0
hsa-miR-548ap-5p 23 0 26 35 30 16 21 13 50 1 8 69 0 0
hsa-miR-548ar-3p 71 16 0 0 0 0 0 0 66 0 3 1 0 0
hsa-miR-548as-5p 0 0 0 0 0 0 0 3 0 0 0 2 0 0
hsa-miR-548av-3p 0 0 3 0 0 7 2 0 3 0 0 2 4 0
hsa-miR-548ay-3p 0 0 0 0 0 0 0 0 0 0 0 0 0 1
hsa-miR-548az-5p 16 0 0 11 9 0 0 0 0 0 2 4 0 0
hsa-miR-548e-3p 13 0 7 8 0 21 0 5 15 2 0 1 0 0
hsa-miR-548f-3p 0 0 0 0 0 0 0 1 0 0 1 0 3 1
hsa-miR-548h-5p 0 0 0 0 1 2 0 0 0 1 0 0 0 0
hsa-miR-548i 0 0 0 0 0 0 0 0 0 3 0 0 0 0
hsa-miR-548j-3p 14 4 24 7 19 0 12 7 14 0 6 9 0 14
hsa-miR-548j-5p 14 4 8 0 19 0 7 0 37 4 4 18 0 0
hsa-miR-548k 13 0 0 0 0 0 10 1 0 0 2 0 0 0
hsa-miR-548l 0 0 0 0 0 21 0 16 11 0 0 5 0 0
hsa-miR-548n 3 0 0 0 0 0 0 0 0 0 0 0 0 0
hsa-miR-548o-3p 118 46 86 110 38 11 94 45 170 38 68 123 110 67
hsa-miR-548p 0 0 0 0 0 0 0 1 1 0 1 0 0 0
hsa-miR-548q 0 0 4 0 0 0 0 0 5 0 0 0 0 0
hsa-miR-548u 0 0 0 0 0 0 0 0 0 8 0 8 0 0
hsa-miR-550a-3-5p 15 3 35 77 70 3 98 135 112 78 16 66 29 81
hsa-miR-550a-3p 0 0 0 0 0 0 0 0 1 0 0 1 0 1
hsa-miR-550a-5p 0 0 1 0 0 0 0 0 0 4 0 0 0 0
hsa-miR-550b-2-5p 0 0 1 0 0 0 7 1 6 0 0 0 0 0
hsa-miR-550b-3p 0 0 1 0 0 0 0 0 5 0 0 0 0 0
hsa-miR-551a 0 0 0 0 0 0 0 0 0 0 0 0 0 0
hsa-miR-551b-5p 0 0 0 7 0 0 0 0 0 17 0 0 0 0
hsa-miR-552-3p 0 0 0 0 0 0 0 5 17 16 4 11 0 0
hsa-miR-556-5p 6 0 4 1 0 0 0 27 9 0 1 1 0 0
hsa-miR-5582-3p 0 0 0 0 0 0 0 0 0 0 1 0 0 0
hsa-miR-5584-5p 0 0 4 2 0 0 15 0 7 0 1 3 0 0
hsa-miR-5586-5p 1 0 2 0 0 0 0 0 0 0 0 0 0 0
hsa-miR-5587-3p 11 5 0 0 0 0 0 13 14 0 0 13 0 0
hsa-miR-5589-5p 0 0 2 0 0 0 0 0 0 1 0 0 0 0
hsa-miR-5591-5p 0 0 0 0 0 0 0 0 0 0 0 0 45 0
hsa-miR-5680 0 0 0 0 0 0 0 0 0 0 0 0 1 0
hsa-miR-5684 0 0 0 0 0 0 0 0 0 0 1 0 0 0
hsa-miR-5695 3 0 1 0 23 1 0 28 0 0 0 0 0 0
hsa-miR-5697 0 0 0 0 0 19 0 0 0 0 0 0 0 0
hsa-miR-5698 10 0 7 0 0 0 0 0 0 0 0 25 0 0
hsa-miR-5699-3p 0 0 0 0 1 2 0 0 0 0 0 0 0 0
hsa-miR-570-5p 0 0 0 0 0 0 0 0 0 0 0 7 0 0
hsa-miR-573 0 0 0 0 0 0 0 0 0 0 0 0 0 0
hsa-miR-574-3p 19 0 22 46 1 5 27 9 54 11 2 32 9 0
hsa-miR-574-5p 873 242 668 740 1085 851 1667 1106 1997 435 380 915 1426 1165
hsa-miR-576-3p 49 18 27 39 46 49 28 67 109 14 49 104 65 7
hsa-miR-576-5p 0 2 0 0 101 0 0 17 24 0 8 0 0 19
hsa-miR-577 1 0 1 1 0 0 0 0 0 0 0 0 0 0
hsa-miR-579-3p 0 0 0 0 0 0 0 0 0 0 0 0 0 0
hsa-miR-579-5p 0 0 7 0 8 0 0 21 0 0 0 0 0 23
hsa-miR-581 31 0 1 9 0 1 0 0 25 14 3 21 0 0
hsa-miR-582-3p 9 0 0 25 1 0 7 7 30 6 1 8 0 18
hsa-miR-582-5p 0 0 0 0 0 0 0 0 16 0 0 0 0 0
hsa-miR-584-3p 0 0 0 0 0 0 0 0 8 0 0 0 0 0
hsa-miR-584-5p 1110 210 759 681 1159 469 1286 835 2289 584 458 2533 531 442
hsa-miR-585-3p 8 0 0 0 0 0 0 0 0 0 0 1 0 0
hsa-miR-589-5p 107 9 62 42 28 15 32 26 6 11 40 85 16 24
hsa-miR-590-3p 24 0 0 0 0 0 0 1 0 1 0 1 0 0
hsa-miR-592 0 0 0 0 0 0 0 0 0 0 0 0 1 0
hsa-miR-597-3p 0 0 0 0 0 0 0 0 0 0 0 0 0 0
hsa-miR-598-3p 21 1 0 3 0 1 36 7 7 0 0 2 10 0
hsa-miR-605-3p 0 6 3 0 0 0 0 4 0 8 0 9 0 0
hsa-miR-605-5p 0 0 0 0 0 0 0 0 0 0 0 0 0 0
hsa-miR-610 0 0 4 22 0 0 0 0 9 0 0 2 15 0
hsa-miR-6130 0 0 0 0 0 0 0 0 0 0 0 0 0 0
hsa-miR-6133 0 0 0 0 0 0 0 0 0 0 0 0 0 1
hsa-miR-615-3p 10 2 18 148 33 57 78 100 172 50 20 61 72 61
hsa-miR-615-5p 0 0 0 0 0 0 0 0 8 0 0 0 0 0
hsa-miR-616-3p 0 0 4 1 11 0 0 9 34 0 0 0 0 0
hsa-miR-616-5p 0 0 0 0 0 0 0 14 0 0 0 0 0 0
hsa-miR-618 0 3 3 0 0 0 1 0 0 0 0 0 0 25
hsa-miR-624-5p 6 0 9 4 0 0 0 0 0 0 0 0 0 0
hsa-miR-625-3p 1366 417 1382 941 1955 472 890 665 1988 287 735 1288 315 218
hsa-miR-625-5p 0 0 1 5 0 0 1 0 6 0 5 26 0 0
hsa-miR-627-3p 0 0 0 0 0 0 0 0 11 0 0 0 0 1
hsa-miR-627-5p 0 0 0 0 0 0 0 0 0 0 0 5 0 0
hsa-miR-628-3p 160 46 115 35 46 11 118 60 210 5 80 162 52 6
hsa-miR-628-5p 0 0 0 0 0 0 0 11 5 1 0 0 0 0
hsa-miR-629-3p 2 0 0 0 0 0 0 0 0 1 0 6 0 0
hsa-miR-629-5p 378 72 271 344 699 445 681 608 940 130 239 541 339 126
hsa-miR-636 0 0 1 0 0 0 11 11 9 7 1 0 3 21
hsa-miR-641 99 45 76 24 32 1 89 32 61 28 69 97 1 6
hsa-miR-642a-3p 17 8 53 169 31 68 15 59 159 9 8 44 54 45
hsa-miR-642a-5p 0 0 0 0 0 0 0 1 0 0 0 1 1 6
hsa-miR-642b-3p 0 0 1 1 0 0 0 2 1 0 0 0 0 3
hsa-miR-6500-3p 0 0 0 10 0 0 0 1 0 0 0 0 0 13
hsa-miR-6501-5p 0 0 0 0 0 11 0 1 0 11 0 0 17 0
hsa-miR-6503-3p 0 0 5 6 33 0 0 1 20 0 0 0 7 0
hsa-miR-6503-5p 0 0 0 0 0 0 25 0 0 0 0 1 0 0
hsa-miR-6505-3p 2 1 6 4 5 11 5 0 4 4 0 14 0 0
hsa-miR-6505-5p 1 0 0 0 0 0 2 0 0 0 0 0 0 0
hsa-miR-6507-5p 0 0 0 0 2 0 0 0 0 0 0 0 0 0
hsa-miR-6508-3p 0 0 0 0 0 0 0 0 0 0 0 7 0 0
hsa-miR-6509-5p 0 0 2 0 0 0 0 0 17 0 0 4 0 0
hsa-miR-651-5p 9 5 5 0 6 15 17 41 0 11 7 12 34 23
hsa-miR-6510-3p 0 0 0 0 0 1 0 0 6 0 0 6 0 0
hsa-miR-6511a-3p 1 10 6 0 0 0 21 23 16 0 6 26 38 4
hsa-miR-6511b-3p 1 4 7 0 0 6 0 13 10 0 5 9 12 34
hsa-miR-6511b-5p 0 0 0 0 0 0 0 14 0 0 0 0 0 0
hsa-miR-6513-3p 14 0 0 4 0 4 0 1 7 18 0 9 0 21
hsa-miR-6513-5p 0 0 0 0 0 0 0 0 0 0 0 0 0 6
hsa-miR-6514-3p 0 0 10 3 0 0 5 9 11 0 0 1 0 16
hsa-miR-6514-5p 1 0 0 0 0 0 0 0 0 2 1 0 1 0
hsa-miR-6515-3p 0 0 13 10 27 0 0 0 14 7 16 18 37 0
hsa-miR-6515-5p 0 4 17 23 2 0 19 0 48 0 10 16 0 0
hsa-miR-6516-3p 0 0 0 1 0 0 0 0 2 0 0 0 0 0
hsa-miR-6516-5p 2 2 2 0 0 0 0 0 8 8 0 13 0 7
hsa-miR-652-3p 30 15 18 16 42 11 59 47 59 41 19 84 23 14
hsa-miR-654-3p 58 14 108 84 57 13 124 141 159 63 26 72 52 19
hsa-miR-654-5p 159 48 156 201 47 20 173 147 147 30 39 109 0 26
hsa-miR-655-3p 0 0 0 0 0 0 0 0 0 0 0 0 0 0
hsa-miR-656-3p 0 0 0 0 0 0 6 0 0 1 0 0 0 0
hsa-miR-659-5p 0 0 4 8 1 3 0 5 21 8 5 9 4 32
hsa-miR-660-5p 19 4 1 20 1 49 22 65 25 9 12 9 37 69
hsa-miR-664a-3p 13 0 0 0 0 0 0 1 3 0 0 11 12 0
hsa-miR-664a-5p 133 14 76 220 68 41 102 120 395 84 41 170 185 128
hsa-miR-664b-5p 0 3 6 0 0 0 8 8 16 0 4 17 0 1
hsa-miR-668-3p 0 0 0 2 0 0 0 0 9 0 0 0 0 0
hsa-miR-671-3p 1265 368 1048 767 539 209 728 519 1980 245 615 1333 503 241
hsa-miR-671-5p 2 0 3 12 0 1 0 6 0 1 17 2 0 0
hsa-miR-6715a-3p 0 0 0 0 0 0 0 0 0 3 0 0 0 1
hsa-miR-6716-3p 10 5 11 7 0 0 19 3 0 0 3 11 9 0
hsa-miR-6720-3p 0 0 0 0 0 0 1 0 0 0 0 0 0 0
hsa-miR-6721-5p 56 21 34 28 47 1 28 34 80 2 27 72 44 0
hsa-miR-6726-3p 0 0 2 0 0 0 20 13 19 0 2 26 12 1
hsa-miR-6729-5p 0 0 0 0 0 0 0 0 21 0 0 0 0 0
hsa-miR-6730-5p 0 1 0 0 0 0 0 8 13 0 0 0 0 10
hsa-miR-6731-5p 0 0 0 1 0 0 0 0 0 0 0 0 0 0
hsa-miR-6732-3p 0 0 0 0 0 1 0 12 0 0 0 0 0 0
hsa-miR-6732-5p 0 0 0 6 0 0 0 0 0 0 3 0 0 0
hsa-miR-6733-5p 0 2 0 0 0 0 0 0 0 0 0 0 0 0
hsa-miR-6734-3p 0 0 0 0 0 0 12 0 8 5 0 2 9 0
hsa-miR-6734-5p 9 2 3 8 2 0 9 13 11 0 1 0 21 19
hsa-miR-6735-3p 12 0 0 0 0 0 0 0 0 0 0 0 0 0
hsa-miR-6735-5p 12 1 4 0 0 5 17 0 4 0 5 8 17 0
hsa-miR-6736-3p 0 3 0 0 0 0 0 0 0 0 0 0 0 0
hsa-miR-6736-5p 0 0 0 0 0 0 0 0 0 0 0 0 0 0
hsa-miR-6737-3p 0 0 0 0 0 0 0 0 0 0 2 0 0 0
hsa-miR-6738-3p 21 6 0 6 50 0 13 0 3 0 5 41 0 22
hsa-miR-6739-3p 0 0 0 0 0 0 0 0 0 0 0 0 0 0
hsa-miR-6740-5p 0 0 0 0 0 0 0 0 2 0 0 6 0 0
hsa-miR-6741-3p 119 19 73 48 24 18 164 137 273 90 36 100 65 30
hsa-miR-6741-5p 41 6 75 13 11 1 40 136 164 38 23 44 24 29
hsa-miR-6743-3p 0 0 0 0 0 0 0 0 0 0 3 8 0 0
hsa-miR-6746-3p 0 0 0 0 0 0 0 0 0 0 0 8 0 0
hsa-miR-6747-3p 78 5 55 60 55 0 41 161 177 17 15 105 58 15
hsa-miR-6748-3p 0 0 0 2 0 0 0 11 6 0 0 0 0 0
hsa-miR-675-3p 0 0 0 0 0 1 0 0 0 1 0 2 0 0
hsa-miR-675-5p 0 0 0 0 0 0 0 1 4 1 0 2 0 0
hsa-miR-6750-5p 0 0 0 6 0 0 0 0 5 0 1 0 0 0
hsa-miR-6752-3p 0 0 0 3 0 0 0 0 0 0 0 0 0 0
hsa-miR-6753-3p 4 0 0 0 0 0 12 0 0 0 0 2 0 0
hsa-miR-6754-3p 0 0 0 0 0 0 0 10 3 0 0 0 0 0
hsa-miR-6754-5p 0 0 0 0 0 0 0 0 0 0 0 1 0 0
hsa-miR-6755-5p 0 0 0 0 0 0 0 0 0 0 0 4 0 0
hsa-miR-6758-3p 0 0 0 0 0 0 0 0 0 0 0 0 0 0
hsa-miR-6759-3p 1 0 0 0 0 0 0 0 0 0 0 0 0 0
hsa-miR-6759-5p 0 0 0 0 0 0 0 0 0 0 0 7 0 0
hsa-miR-676-3p 0 0 0 0 1 17 0 0 0 0 0 0 0 0
hsa-miR-676-5p 0 0 0 0 0 0 0 0 0 0 0 0 0 5
hsa-miR-6760-3p 0 0 0 0 0 0 0 0 0 0 0 0 0 0
hsa-miR-6763-5p 0 0 1 1 0 0 0 0 1 0 0 0 3 0
hsa-miR-6764-5p 0 0 0 0 0 0 0 0 14 0 0 0 0 0
hsa-miR-6766-5p 0 0 0 0 0 0 0 0 0 0 0 3 0 0
hsa-miR-6767-5p 5 0 0 15 0 0 21 7 17 4 0 8 16 27
hsa-miR-6769a-3p 0 0 0 0 0 0 0 0 0 0 0 0 0 0
hsa-miR-6769b-3p 0 0 0 0 0 0 0 0 0 0 0 9 0 0
hsa-miR-6769b-5p 10 0 0 0 0 0 0 0 0 0 0 0 0 0
hsa-miR-6770-3p 0 0 2 0 0 0 0 0 39 0 0 16 0 0
hsa-miR-6770-5p 0 2 0 0 0 0 0 0 0 0 0 0 0 0
hsa-miR-6772-3p 51 21 41 0 17 19 6 55 102 21 13 21 26 18
hsa-miR-6774-3p 6 0 0 0 0 0 0 0 0 0 0 0 0 0
hsa-miR-6774-5p 0 0 0 0 0 0 0 0 0 0 0 10 0 0
hsa-miR-6777-3p 9 0 6 8 18 21 16 0 65 9 2 8 33 9
hsa-miR-6777-5p 0 1 0 0 0 0 0 2 0 0 0 0 0 17
hsa-miR-6779-5p 0 0 0 0 0 0 0 0 0 0 0 0 0 0
hsa-miR-6780a-5p 18 6 0 3 27 4 0 13 35 0 8 7 29 29
hsa-miR-6780b-5p 0 0 2 0 0 0 0 0 0 0 0 0 0 0
hsa-miR-6781-5p 0 0 3 0 16 3 0 0 38 0 0 4 0 10
hsa-miR-6783-3p 0 0 0 0 0 0 7 2 8 0 3 0 0 0
hsa-miR-6784-3p 0 0 0 2 0 0 0 10 0 0 0 0 0 0
hsa-miR-6785-5p 0 0 0 0 0 0 0 0 0 0 0 0 0 0
hsa-miR-6786-3p 32 0 4 23 0 0 44 7 11 0 11 33 26 0
hsa-miR-6787-3p 0 0 9 0 0 0 7 17 18 0 5 8 0 0
hsa-miR-6787-5p 7 0 0 0 0 0 0 0 0 0 0 0 0 0
hsa-miR-6788-3p 0 0 0 5 0 0 0 0 0 0 0 9 0 0
hsa-miR-6789-3p 0 0 1 0 0 7 0 12 7 0 1 14 4 12
hsa-miR-6791-3p 0 0 0 0 0 0 0 0 0 0 0 0 0 0
hsa-miR-6791-5p 0 0 1 0 0 0 0 0 0 0 0 0 0 0
hsa-miR-6793-3p 0 0 0 0 0 0 1 0 0 0 0 0 0 0
hsa-miR-6793-5p 0 1 5 0 20 0 34 0 11 14 0 9 0 0
hsa-miR-6796-3p 0 0 0 1 0 0 5 0 22 0 0 0 0 0
hsa-miR-6796-5p 0 0 3 0 0 0 8 0 0 0 0 0 0 0
hsa-miR-6797-3p 0 0 0 2 0 0 0 0 0 0 0 0 0 0
hsa-miR-6798-3p 0 0 0 7 10 13 0 0 12 0 0 0 0 0
hsa-miR-6799-3p 0 0 0 0 0 0 0 2 0 0 0 0 0 0
hsa-miR-6799-5p 0 0 0 4 0 0 0 0 0 0 0 3 0 1
hsa-miR-6800-5p 0 0 7 6 0 1 16 0 0 0 0 0 0 38
hsa-miR-6801-3p 0 0 0 0 0 0 0 4 0 0 0 0 0 0
hsa-miR-6802-3p 0 0 1 0 0 0 3 0 0 0 0 0 0 0
hsa-miR-6802-5p 4 3 8 4 0 0 25 12 35 0 4 0 18 0
hsa-miR-6803-3p 1 0 5 0 1 0 21 18 30 12 0 6 0 9
hsa-miR-6804-5p 11 0 0 0 5 0 0 0 0 0 0 5 0 0
hsa-miR-6805-3p 0 0 0 0 0 0 0 0 0 0 0 11 0 0
hsa-miR-6805-5p 9 0 0 9 0 0 13 18 11 0 2 15 40 76
hsa-miR-6806-3p 0 4 0 0 0 11 0 0 2 0 0 0 0 0
hsa-miR-6807-5p 0 0 3 3 0 0 26 21 2 6 1 0 0 0
hsa-miR-6808-3p 6 0 4 0 0 0 12 0 0 0 1 0 0 18
hsa-miR-6809-3p 0 0 1 0 0 0 0 0 0 0 2 0 0 0
hsa-miR-6809-5p 0 0 6 4 0 0 7 0 11 0 0 1 0 0
hsa-miR-6810-3p 0 0 0 0 0 0 0 0 0 0 0 1 27 0
hsa-miR-6810-5p 0 0 6 0 0 0 0 0 30 0 4 0 0 0
hsa-miR-6812-3p 8 0 6 6 15 0 15 0 34 0 1 0 14 0
hsa-miR-6813-3p 0 0 0 0 0 0 0 0 0 0 0 0 0 0
hsa-miR-6813-5p 0 0 0 10 0 8 0 0 8 0 0 0 0 0
hsa-miR-6815-5p 6 0 4 1 15 0 4 28 5 0 0 0 37 0
hsa-miR-6817-3p 2 0 0 0 0 0 0 0 0 0 0 0 0 0
hsa-miR-6818-3p 5 0 1 0 0 2 0 0 0 0 9 6 0 0
hsa-miR-6818-5p 0 0 0 0 0 0 0 0 0 0 0 12 1 0
hsa-miR-6819-3p 13 0 4 15 1 0 6 5 27 0 2 6 0 0
hsa-miR-6819-5p 5 0 0 0 0 0 0 0 0 0 1 5 0 0
hsa-miR-6820-3p 0 0 0 0 0 0 0 0 0 0 0 0 0 0
hsa-miR-6821-3p 0 0 0 0 0 1 0 0 0 0 0 1 0 0
hsa-miR-6821-5p 6 0 0 0 0 0 21 0 2 0 0 0 4 0
hsa-miR-6823-5p 0 0 0 0 0 0 0 0 0 0 3 0 0 0
hsa-miR-6825-5p 1 0 0 0 0 0 24 0 10 0 0 3 0 0
hsa-miR-6826-3p 0 0 0 0 0 0 0 0 0 0 0 1 0 0
hsa-miR-6826-5p 0 0 0 6 0 0 0 0 1 0 0 0 0 0
hsa-miR-6827-3p 2 0 0 0 1 0 0 0 0 0 0 30 0 0
hsa-miR-6829-5p 1 0 0 0 0 0 0 0 0 0 0 0 0 0
hsa-miR-6832-5p 0 0 0 0 0 0 0 0 4 0 3 0 0 0
hsa-miR-6833-3p 0 0 0 0 0 4 3 0 0 0 1 8 0 0
hsa-miR-6837-3p 0 0 0 4 14 0 16 0 0 0 0 0 1 0
hsa-miR-6837-5p 0 0 0 0 0 0 0 0 8 0 1 0 0 8
hsa-miR-6840-5p 0 0 1 0 0 0 0 0 0 0 0 0 0 0
hsa-miR-6842-3p 348 59 282 174 263 68 271 190 518 137 119 571 301 68
hsa-miR-6842-5p 11 0 13 3 19 4 8 15 21 0 8 17 9 16
hsa-miR-6843-3p 18 13 37 33 59 4 43 35 124 24 31 67 0 14
hsa-miR-6845-5p 0 0 0 0 0 0 0 0 0 0 0 0 0 0
hsa-miR-6847-5p 6 0 0 0 25 0 0 0 0 0 0 9 0 0
hsa-miR-6848-5p 0 0 0 0 4 0 0 0 0 0 0 0 0 0
hsa-miR-6850-5p 1 0 0 1 0 0 35 6 1 0 0 0 0 0
hsa-miR-6851-5p 0 0 0 0 0 0 0 9 0 0 0 0 0 0
hsa-miR-6852-3p 41 6 24 35 63 6 85 30 22 3 15 75 41 28
hsa-miR-6852-5p 12 17 34 18 25 0 25 30 27 4 13 48 17 0
hsa-miR-6853-3p 0 0 0 0 0 0 0 1 0 0 0 0 0 0
hsa-miR-6854-3p 0 0 0 0 0 0 0 0 0 0 0 0 0 0
hsa-miR-6855-3p 0 0 9 0 0 1 0 9 24 4 1 10 23 12
hsa-miR-6855-5p 1 0 3 2 7 0 7 1 47 0 6 3 24 0
hsa-miR-6857-3p 16 0 0 0 0 0 36 4 10 5 2 0 0 0
hsa-miR-6857-5p 0 0 0 0 0 0 0 0 1 0 0 0 0 0
hsa-miR-6858-3p 0 0 0 0 0 1 0 0 0 0 0 0 0 0
hsa-miR-6858-5p 0 0 0 0 0 0 0 0 0 0 0 0 0 7
hsa-miR-6859-5p 3 0 0 14 6 0 0 24 32 6 4 19 0 0
hsa-miR-6861-3p 0 0 0 0 0 0 0 6 9 0 0 0 0 0
hsa-miR-6861-5p 0 0 0 0 0 0 0 8 8 0 0 0 0 0
hsa-miR-6862-5p 0 0 1 0 11 0 29 58 0 1 2 6 30 7
hsa-miR-6866-3p 0 0 0 0 0 0 0 0 0 0 0 7 0 0
hsa-miR-6866-5p 0 3 0 6 17 1 7 0 20 12 2 1 0 20
hsa-miR-6867-3p 0 6 0 0 0 0 0 0 0 0 0 0 0 0
hsa-miR-6868-3p 0 0 0 6 8 25 10 0 0 0 7 4 9 5
hsa-miR-6869-5p 0 0 0 0 0 0 0 0 0 0 0 0 0 0
hsa-miR-6873-3p 10 0 26 0 12 0 0 0 0 0 1 9 0 0
hsa-miR-6875-3p 0 0 0 0 0 0 0 0 0 0 0 8 0 0
hsa-miR-6875-5p 1 1 0 0 0 1 0 0 0 0 0 0 0 0
hsa-miR-6876-5p 0 0 0 0 0 0 0 0 0 0 0 7 0 0
hsa-miR-6877-5p 3 0 0 0 0 0 0 0 28 0 11 0 0 0
hsa-miR-6880-3p 6 0 1 0 0 0 0 0 5 0 1 18 13 0
hsa-miR-6881-3p 3 0 0 0 0 0 0 0 9 0 0 1 0 0
hsa-miR-6882-3p 0 0 0 0 0 0 20 0 0 0 0 0 30 0
hsa-miR-6882-5p 0 0 2 0 0 0 0 0 0 0 0 0 0 0
hsa-miR-6883-3p 0 0 0 0 0 0 0 0 0 0 1 0 0 0
hsa-miR-6884-3p 0 0 0 0 0 0 0 0 0 1 0 0 0 0
hsa-miR-6884-5p 0 0 0 2 19 11 0 0 7 0 2 9 0 4
hsa-miR-6885-3p 0 0 0 0 0 0 0 0 0 0 0 0 0 0
hsa-miR-6886-3p 0 0 0 0 0 0 0 0 0 0 0 0 0 0
hsa-miR-6889-3p 0 0 0 0 0 0 0 0 0 0 0 0 0 0
hsa-miR-6891-5p 0 0 0 0 0 6 0 0 0 0 0 0 0 0
hsa-miR-6892-5p 0 1 0 5 0 0 0 0 0 2 1 0 0 0
hsa-miR-6894-3p 3 0 10 5 2 12 12 0 17 12 3 6 15 6
hsa-miR-6894-5p 0 0 0 0 0 0 0 0 0 0 0 0 0 0
hsa-miR-6895-5p 0 0 0 0 0 0 0 0 11 0 0 0 0 0
hsa-miR-7-1-3p 0 0 5 0 0 0 1 0 2 0 1 0 0 0
hsa-miR-7-5p 1739 578 1085 763 974 896 1697 1496 1564 575 769 1652 1424 1518
hsa-miR-708-3p 8 0 5 14 5 18 8 18 45 40 1 7 0 0
hsa-miR-708-5p 0 0 1 1 0 1 2 0 0 0 3 2 0 2
hsa-miR-7108-5p 0 0 0 0 0 0 0 0 0 0 0 0 0 12
hsa-miR-7109-3p 0 0 0 0 0 0 0 0 0 5 0 0 0 0
hsa-miR-7110-3p 9 4 7 19 33 5 37 7 31 2 14 89 0 0
hsa-miR-7110-5p 0 0 0 0 0 0 0 0 0 0 0 0 0 0
hsa-miR-7111-3p 0 0 0 0 0 0 0 0 0 0 4 0 0 0
hsa-miR-7113-3p 0 0 0 0 0 0 0 0 8 0 0 0 0 0
hsa-miR-7113-5p 31 0 8 0 7 2 0 0 0 5 7 14 13 0
hsa-miR-7114-3p 0 0 0 0 0 0 0 0 0 0 0 0 0 0
hsa-miR-7114-5p 0 0 0 0 9 0 0 0 0 0 0 0 0 20
hsa-miR-7151-5p 0 8 0 0 0 0 0 0 0 0 0 0 0 0
hsa-miR-7155-3p 0 0 0 0 14 0 0 0 0 0 1 0 0 0
hsa-miR-744-3p 0 2 0 0 0 4 0 0 11 0 1 0 0 0
hsa-miR-744-5p 3819 753 4246 3575 3083 921 3501 2757 9073 1285 1757 8154 1433 1254
hsa-miR-758-3p 12 0 8 0 0 0 0 17 6 4 0 5 0 19
hsa-miR-760 156 16 180 142 152 19 121 181 477 94 83 203 76 137
hsa-miR-766-3p 6 0 2 9 16 0 0 22 19 0 1 11 1 17
hsa-miR-766-5p 75 27 50 48 41 25 45 30 91 2 21 94 15 0
hsa-miR-769-5p 32 11 13 18 15 10 11 41 16 33 39 53 13 5
hsa-miR-7702 0 0 0 0 0 0 0 0 5 0 1 0 0 0
hsa-miR-7705 0 0 0 0 7 0 0 0 0 0 0 0 0 0
hsa-miR-7706 146 19 77 208 215 145 327 343 399 157 50 157 350 146
hsa-miR-7845-5p 0 0 0 0 0 0 0 0 0 0 2 0 0 0
hsa-miR-7847-3p 0 0 0 0 0 0 0 0 0 0 0 0 0 0
hsa-miR-7848-3p 9 7 12 6 0 0 10 0 13 4 2 24 0 0
hsa-miR-7849-3p 18 0 0 0 0 0 0 0 6 0 6 6 0 0
hsa-miR-7850-5p 0 0 0 0 0 0 0 15 0 0 1 0 0 0
hsa-miR-7851-3p 1 0 0 0 0 0 0 0 0 0 0 1 0 0
hsa-miR-7854-3p 21 8 18 15 7 25 32 35 33 2 4 13 15 6
hsa-miR-7855-5p 0 0 0 0 0 0 0 0 0 0 0 3 0 0
hsa-miR-7856-5p 0 0 2 0 3 0 0 0 0 0 0 0 0 0
hsa-miR-7974 4 0 2 0 0 2 2 1 0 3 0 1 1 2
hsa-miR-7976 0 0 1 17 8 25 0 24 25 2 1 16 11 0
hsa-miR-8061 0 0 0 3 0 0 0 0 0 0 0 0 0 0
hsa-miR-8072 0 0 0 0 0 0 0 0 9 0 0 2 0 0
hsa-miR-873-3p 0 0 1 0 6 0 25 7 0 0 0 12 0 0
hsa-miR-873-5p 1 0 0 6 12 1 0 13 7 0 0 0 18 5
hsa-miR-874-3p 9 0 8 1 0 0 0 6 21 6 2 6 40 0
hsa-miR-877-3p 0 3 33 12 4 23 26 25 29 10 1 9 8 31
hsa-miR-877-5p 68 7 58 84 117 73 99 90 211 31 71 156 100 87
hsa-miR-885-3p 0 8 4 18 0 0 0 47 23 16 0 4 79 47
hsa-miR-885-5p 0 7 7 42 44 0 7 32 44 30 4 13 150 1
hsa-miR-887-5p 0 0 0 0 0 0 0 0 0 0 0 0 10 0
hsa-miR-889-3p 50 2 15 20 17 3 34 5 16 2 0 5 0 1
hsa-miR-891a-5p 0 0 0 0 0 0 0 0 0 0 0 0 0 0
hsa-miR-892a 0 0 0 0 0 1 0 0 0 0 0 0 0 0
hsa-miR-9-3p 0 0 1 0 0 1 0 0 0 0 0 10 0 0
hsa-miR-9-5p 48 9 10 3 16 148 30 112 34 127 50 149 92 18
hsa-miR-92a-1-5p 11 2 11 2 2 9 12 34 8 9 3 30 21 0
hsa-miR-92a-2-5p 0 0 0 0 0 0 0 0 0 0 0 0 0 0
hsa-miR-92a-3p 39092 9164 25601 48016 66926 48669 87834 90458 110387 24862 21372 47982 75756 52858
hsa-miR-92b-3p 475 134 433 634 891 616 897 990 1309 362 392 652 1140 646
hsa-miR-92b-5p 166 22 73 118 227 171 222 383 558 92 113 223 547 235
hsa-miR-93-3p 3 1 13 19 38 0 12 0 18 1 0 10 30 0
hsa-miR-93-5p 261 124 144 280 329 343 508 477 583 98 126 280 219 348
hsa-miR-933 0 0 0 0 6 0 0 0 13 0 1 0 0 0
hsa-miR-934 0 0 0 0 0 0 0 1 0 1 0 4 0 0
hsa-miR-935 0 0 0 0 1 1 0 0 0 0 0 0 0 0
hsa-miR-937-3p 42 0 6 3 0 0 32 15 15 0 8 14 0 2
hsa-miR-939-5p 48 18 25 32 35 65 51 89 76 22 24 28 45 38
hsa-miR-940 0 0 0 0 0 0 0 0 0 0 0 0 0 0
hsa-miR-941 345 86 126 274 430 322 347 257 1371 327 98 465 244 105
hsa-miR-942-3p 1 0 0 0 0 1 0 0 0 0 0 0 0 0
hsa-miR-942-5p 77 32 31 38 57 59 103 95 133 39 18 71 51 125
hsa-miR-95-3p 1 1 7 6 8 17 0 9 31 1 3 0 14 66
hsa-miR-96-5p 5 1 1 0 2 30 26 1 1 7 5 9 6 4
hsa-miR-98-3p 0 0 0 0 0 6 0 0 0 0 7 0 0 10
hsa-miR-98-5p 1680 470 845 598 1355 437 1244 938 1298 569 348 2415 590 420
hsa-miR-99a-5p 7529 1648 3972 11025 8575 7004 12662 12746 17940 7543 1616 7250 25348 14401
hsa-miR-99b-3p 135 28 40 36 90 40 59 21 88 35 17 62 88 86
hsa-miR-99b-5p 2323 380 1083 1224 1607 1662 1738 2036 2851 1197 390 2224 2416 1688
hsa-mir-106a 0 0 0 0 0 0 0 0 0 0 0 0 0 0
hsa-mir-1255a 0 0 0 0 0 0 0 0 0 0 0 0 4 0
hsa-mir-146b 0 0 0 0 0 0 0 1 0 0 0 1 0 1
hsa-mir-151b 35 4 6 32 17 4 20 11 51 5 3 88 15 0
hsa-mir-215 0 0 0 0 0 0 0 0 0 0 0 0 1 0
hsa-mir-27a 2 0 0 0 2 0 2 0 0 0 0 0 5 1
hsa-mir-27b 0 0 0 0 2 2 0 0 0 0 0 0 3 1
hsa-mir-30a 0 0 0 0 0 0 0 0 2 0 0 0 0 0
hsa-mir-30c-1 0 0 0 0 2 0 0 0 0 1 0 0 1 0
hsa-mir-30c-2 0 0 0 0 2 0 0 0 0 15 0 0 2 0
hsa-mir-320a 10 3 3 3 9 7 22 6 43 1 6 2 25 8
hsa-mir-320b-1 10 2 4 6 9 12 24 6 47 1 4 3 10 22
hsa-mir-320b-2 11 3 3 4 9 6 27 6 34 1 6 2 22 14
hsa-mir-374c 0 0 0 0 0 0 0 0 1 0 0 0 0 0
hsa-mir-378a 0 0 0 0 0 0 0 0 0 0 0 0 0 0
hsa-mir-378c 23 2 6 9 17 11 6 72 29 31 6 33 24 21
hsa-mir-378d-2 0 0 0 0 0 0 0 0 0 0 0 0 0 0
hsa-mir-451b 0 0 0 1 1 3 0 1 0 0 0 0 0 0
hsa-mir-500a 0 0 0 0 0 0 0 2 0 0 0 0 0 0
hsa-mir-516b-2 0 0 0 0 0 19 0 2 13 3 0 1 0 0
hsa-mir-519a-2 0 0 0 0 0 0 0 0 0 0 0 0 0 0
hsa-mir-520b 0 0 0 0 0 0 0 1 0 0 0 0 0 0
hsa-mir-520c 0 0 0 0 0 0 0 1 0 0 0 0 0 0
hsa-mir-548f-1 0 0 0 0 0 0 0 0 0 0 0 0 3 0
hsa-mir-548f-2 0 0 0 0 0 0 0 1 0 0 0 0 3 0
hsa-mir-548f-3 0 0 0 0 0 0 0 0 0 0 0 0 3 0
hsa-mir-548f-4 0 0 0 0 0 0 0 0 0 0 0 0 3 0
hsa-mir-642b 0 0 0 0 0 0 0 0 0 0 0 0 0 6
